SPM (Spatial Population Model)
Call: spm -m -q -g 0 
Date: Tue Sep 16 18:09:57 2014
v1.1-2014-09-15 (rev. 1214). Copyright (c) 2008-2014, NIWA
User name: dunn
Machine name: NIWA-34286 (Windows_NT, PID=5068)

[MCMC]
report.type: MCMC
Original covariance matrix:
8.52032e-012 -1.3783e-010 -6.02926e-005 -4.39576e-006 -5.94828e-008 8.08075e-008 -3.52951e-011 -1.4823e-006 -4.30301e-005 1.54957e-005 -4.84993e-007 -3.12124e-008 3.67724e-007 2.0559e-007 -5.69837e-008 -1.08416e-007 -0.0154851
-1.3783e-010 8.53018e-007 0.0229461 -0.00210675 -5.28717e-005 -9.76617e-005 -9.5529e-009 0.00188066 -0.00183437 -0.00166818 0.00012758 9.29429e-006 -1.18939e-005 -1.06567e-005 7.17997e-006 5.99481e-006 -9.54269
-6.02926e-005 0.0229461 16957.3 2014.86 3.66415 2.79796 -0.0472008 164.08 814.546 -4810.05 157.317 7.82579 -2.21803 -2.31021 0.39884 3.7237 7.207e+006
-4.39576e-006 -0.00210675 2014.86 528.46 1.26684 -1.38146 -0.00443053 7.41419 -301.976 -636.836 19.5766 0.870174 0.268641 0.321372 -0.194854 -2.40881 999918
-5.94828e-008 -5.28717e-005 3.66415 1.26684 0.0765841 0.095875 -1.16988e-006 -0.0255707 -0.84274 -0.685326 0.0503793 0.00610271 -0.000389805 -0.000639968 0.000833002 0.0052623 1220.81
8.08075e-008 -9.76617e-005 2.79796 -1.38146 0.095875 0.217383 1.50416e-005 -0.0905625 -0.625415 -0.35247 0.0488994 0.00804086 0.00526476 0.0029894 0.00607656 -0.00821366 1408.07
-3.52951e-011 -9.5529e-009 -0.0472008 -0.00443053 -1.16988e-006 1.50416e-005 1.02328e-006 -0.000416701 -0.0163145 0.0146686 -0.000443628 -2.23461e-005 1.45012e-005 1.57547e-005 2.92806e-005 4.94201e-006 -20.655
-1.4823e-006 0.00188066 164.08 7.41419 -0.0255707 -0.0905625 -0.000416701 12.2713 275.178 -21.5928 1.11916 0.100776 -0.13702 -0.138364 0.172295 -0.318473 -51783.5
-4.30301e-005 -0.00183437 814.546 -301.976 -0.84274 -0.625415 -0.0163145 275.178 17321.7 335.551 0.825508 1.98126 -3.3142 -0.609205 -3.60024 3.46295 -2.80763e+006
1.54957e-005 -0.00166818 -4810.05 -636.836 -0.685326 -0.35247 0.0146686 -21.5928 335.551 1462.63 -45.6991 -2.13213 0.545272 0.492344 0.591573 -0.549127 -2.35625e+006
-4.84993e-007 0.00012758 157.317 19.5766 0.0503793 0.0488994 -0.000443628 1.11916 0.825508 -45.6991 1.48249 0.0729257 -0.0133037 -0.0140095 -0.00658112 0.0463018 71375.4
-3.12124e-008 9.29429e-006 7.82579 0.870174 0.00610271 0.00804086 -2.23461e-005 0.100776 1.98126 -2.13213 0.0729257 0.00417333 -0.00129879 -0.00123892 -0.000247092 0.00308661 2969.93
3.67724e-007 -1.18939e-005 -2.21803 0.268641 -0.000389805 0.00526476 1.45012e-005 -0.13702 -3.3142 0.545272 -0.0133037 -0.00129879 0.0289831 0.0208144 0.000118835 -0.00418315 454.278
2.0559e-007 -1.06567e-005 -2.31021 0.321372 -0.000639968 0.0029894 1.57547e-005 -0.138364 -0.609205 0.492344 -0.0140095 -0.00123892 0.0208144 0.0254152 0.000405167 -0.00239255 376.967
-5.69837e-008 7.17997e-006 0.39884 -0.194854 0.000833002 0.00607656 2.92806e-005 0.172295 -3.60024 0.591573 -0.00658112 -0.000247092 0.000118835 0.000405167 0.0287091 -0.0141539 -1689.58
-1.08416e-007 5.99481e-006 3.7237 -2.40881 0.0052623 -0.00821366 4.94201e-006 -0.318473 3.46295 -0.549127 0.0463018 0.00308661 -0.00418315 -0.00239255 -0.0141539 0.148768 4437.27
-0.0154851 -9.54269 7.207e+006 999918 1220.81 1408.07 -20.655 -51783.5 -2.80763e+006 -2.35625e+006 71375.4 2969.93 454.278 376.967 -1689.58 4437.27 4.517e+009
Proposal distribution covariance matrix:
9.99998e-007 -2.55115e-008 -0.0206555 -0.00150593 -2.03781e-005 2.76837e-005 -5.96472e-009 -0.000507817 -0.0147416 0.00530863 -0.000166152 -1.0693e-005 0.000125978 7.04326e-005 -1.95219e-005 -3.71421e-005 -5.305
-2.55115e-008 2.49001e-007 0.0123974 -0.00113824 -2.85657e-005 -5.2765e-005 -2.54601e-009 0.00101609 -0.000991077 -0.00090129 6.89295e-005 5.02155e-006 -6.42606e-006 -5.75765e-006 3.87922e-006 3.2389e-006 -5.15575
-0.0206555 0.0123974 16957.3 2014.86 3.66415 2.79796 -0.0232837 164.08 814.546 -3984.15 126.843 6.72993 -2.21803 -2.31021 0.39884 3.7237 7.00155e+006
-0.00150593 -0.00113824 2014.86 528.46 1.26684 -1.38146 -0.00218555 7.41419 -301.976 -636.836 19.5766 0.870174 0.268641 0.321372 -0.194854 -2.40881 999918
-2.03781e-005 -2.85657e-005 3.66415 1.26684 0.0765841 0.095875 -5.77094e-007 -0.0255707 -0.84274 -0.685326 0.0503793 0.00610271 -0.000389805 -0.000639968 0.000833002 0.0052623 1220.81
2.76837e-005 -5.2765e-005 2.79796 -1.38146 0.095875 0.217383 7.41988e-006 -0.0905625 -0.625415 -0.35247 0.0488994 0.00804086 0.00526476 0.0029894 0.00607656 -0.00821366 1408.07
-5.96472e-009 -2.54601e-009 -0.0232837 -0.00218555 -5.77094e-007 7.41988e-006 2.49001e-007 -0.000205555 -0.00804778 0.0072359 -0.000218838 -1.10231e-005 7.15331e-006 7.77167e-006 1.44439e-005 2.43785e-006 -10.1889
-0.000507817 0.00101609 164.08 7.41419 -0.0255707 -0.0905625 -0.000205555 12.2713 275.178 -21.5928 1.11916 0.100776 -0.13702 -0.138364 0.172295 -0.318473 -51783.5
-0.0147416 -0.000991077 814.546 -301.976 -0.84274 -0.625415 -0.00804778 275.178 17321.7 335.551 0.825508 1.98126 -3.3142 -0.609205 -3.60024 3.46295 -2.80763e+006
0.00530863 -0.00090129 -4810.05 -636.836 -0.685326 -0.35247 0.0072359 -21.5928 335.551 1462.63 -37.2523 -1.97651 0.545272 0.492344 0.591573 -0.549127 -2.05628e+006
-0.000166152 6.89295e-005 157.317 19.5766 0.0503793 0.0488994 -0.000218838 1.11916 0.825508 -45.6991 1.48249 0.0629256 -0.0133037 -0.0140095 -0.00658112 0.0463018 65465.3
-1.0693e-005 5.02155e-006 7.82579 0.870174 0.00610271 0.00804086 -1.10231e-005 0.100776 1.98126 -2.13213 0.0729257 0.00417333 -0.00129879 -0.00123892 -0.000247092 0.00308661 2969.93
0.000125978 -6.42606e-006 -2.21803 0.268641 -0.000389805 0.00526476 7.15331e-006 -0.13702 -3.3142 0.545272 -0.0133037 -0.00129879 0.0289831 0.0208144 0.000118835 -0.00418315 454.278
7.04326e-005 -5.75765e-006 -2.31021 0.321372 -0.000639968 0.0029894 7.77167e-006 -0.138364 -0.609205 0.492344 -0.0140095 -0.00123892 0.0208144 0.0254152 0.000405167 -0.00239255 376.967
-1.95219e-005 3.87922e-006 0.39884 -0.194854 0.000833002 0.00607656 1.44439e-005 0.172295 -3.60024 0.591573 -0.00658112 -0.000247092 0.000118835 0.000405167 0.0287091 -0.0141539 -1689.58
-3.71421e-005 3.2389e-006 3.7237 -2.40881 0.0052623 -0.00821366 2.43785e-006 -0.318473 3.46295 -0.549127 0.0463018 0.00308661 -0.00418315 -0.00239255 -0.0141539 0.148768 4437.27
-5.305 -5.15575 7.207e+006 999918 1220.81 1408.07 -10.1889 -51783.5 -2.80763e+006 -2.35625e+006 71375.4 2969.93 454.278 376.967 -1689.58 4437.27 4.517e+009
Cholesky decomposition matrix:
0.000999999 0 0 0 0 0 0 0 0 0 0 0 0 0 0 0 0
-2.55116e-005 0.000498347 0 0 0 0 0 0 0 0 0 0 0 0 0 0 0
-20.6555 23.8196 126.346 0 0 0 0 0 0 0 0 0 0 0 0 0 0
-1.50593 -2.36112 16.1461 16.122 0 0 0 0 0 0 0 0 0 0 0 0 0
-0.0203781 -0.058364 0.0366726 0.0313994 0.26539 0 0 0 0 0 0 0 0 0 0 0 0
0.0276837 -0.104463 0.046365 -0.144835 0.351143 0.243467 0 0 0 0 0 0 0 0 0 0 0
-5.96472e-006 -5.41426e-006 -0.00018424 4.76024e-005 1.60037e-005 6.91533e-005 0.000455727 0 0 0 0 0 0 0 0 0 0
-0.507817 2.01292 0.836149 -0.130153 0.207191 0.0139603 -0.0915443 2.68215 0 0 0 0 0 0 0 0 0
-14.7416 -2.74338 4.55414 -25.0703 -2.57387 -14.1387 -11.1891 99.118 79.3187 0 0 0 0 0 0 0 0
5.30864 -1.5368 -36.9128 -2.26215 2.85572 -1.14558 1.31576 5.33579 -0.0253608 4.97369 0 0 0 0 0 0 0
-0.166153 0.12981 1.19349 0.0224915 0.0380389 0.00666907 -0.00302415 -0.0856684 0.0316505 -0.03029 0.0484904 0 0 0 0 0 0
-0.010693 0.009529 0.0583947 -0.00411098 0.016687 0.000697845 -0.000869592 0.00867086 0.0083765 -0.00126131 0.00223614 0.0104741 0 0 0 0 0
0.125978 -0.00644564 0.00425526 0.0232247 0.00345114 0.0125623 0.0145357 -0.0224324 0.020937 0.036561 0.0250677 -0.0083845 0.0956854 0 0 0 0
0.0704327 -0.00794787 -0.00527182 0.0306284 -0.00164639 0.0224585 0.00920013 -0.0288329 0.0563959 0.0310671 0.0196839 -0.0175392 0.0751134 0.0867155 0 0 0
-0.0195219 0.00678479 -0.0013139 -0.0116002 0.00468591 0.0166804 0.0295041 0.0558544 -0.114883 0.0596859 0.0237624 -0.00529604 0.0321714 0.0553778 0.0489923 0 0
-0.0371422 0.00459788 0.0225333 -0.174774 0.0355523 -0.187077 0.0594223 -0.144471 0.137103 0.0948665 0.0578232 0.0281539 -0.0516357 -0.0249726 0.0871558 0.113269 0
-5305 -10617.3 58176.1 1708.3 -6383.35 974.984 863.921 -29878.7 -2124.83 -3118.06 1096.25 123.803 2361.33 446.076 -3100.51 2133.46 4262.87
MCMC objective function values:
iteration score penalty prior likelihood acceptance_rate acceptance_rate_since_adapt stepsize
0 4625.47 0 0 4625.47 0 0 0.582086
1 4627.27 0 0 4627.27 0.000340716 0.000340716 0.582086
2 4626.06 0 0 4626.06 0.000681199 1 0.000826357
3 4626.55 0 0 4626.55 0.00102145 1 0.000826357
4 4626.79 0 0 4626.79 0.00136147 1 0.000826357
5 4626.07 0 0 4626.07 0.00170068 0.8 0.000826357
6 4625.97 0 0 4625.97 0.00203943 0.5 0.00275452
7 4625.94 0 0 4625.94 0.00237853 0.666667 0.00275452
8 4626.4 0 0 4626.4 0.00271278 0.333333 0.00275452
9 4626.04 0 0 4626.04 0.00305085 0.4 0.00275452
10 4626.84 0 0 4626.84 0.00338868 0.454545 0.00275452
11 4626.51 0 0 4626.51 0.00372629 1 0.0052169
12 4625.88 0 0 4625.88 0.00406229 0.666667 0.0052169
13 4626.38 0 0 4626.38 0.00439932 0.75 0.0052169
14 4626.42 0 0 4626.42 0.00473133 0.5 0.0052169
15 4625.99 0 0 4625.99 0.00506757 0.555556 0.0052169
16 4627.65 0 0 4627.65 0.00540358 0.6 0.0052169
17 4626.17 0 0 4626.17 0.00573743 0.583333 0.0052169
18 4626.14 0 0 4626.14 0.00607287 0.615385 0.0052169
19 4626.97 0 0 4626.97 0.00640593 0.6 0.0052169
20 4626.01 0 0 4626.01 0.00674082 0.625 0.0052169
21 4625.96 0 0 4625.96 0.00707309 0.611111 0.0052169
22 4625.99 0 0 4625.99 0.00740491 0.6 0.0052169
23 4626.09 0 0 4626.09 0.00773629 0.590909 0.0052169
24 4626.14 0 0 4626.14 0.00806994 0.608696 0.0052169
25 4625.99 0 0 4625.99 0.00840054 0.6 0.0052169
26 4626.73 0 0 4626.73 0.00873069 0.592593 0.0052169
27 4626.05 0 0 4626.05 0.00905736 0.566667 0.0052169
28 4625.88 0 0 4625.88 0.00938338 0.545455 0.0052169
29 4628.08 0 0 4628.08 0.00971524 0.558824 0.0052169
30 4628.13 0 0 4628.13 0.0100469 0.571429 0.0052169
31 4625.86 0 0 4625.86 0.0103783 0.583333 0.0052169
32 4626.07 0 0 4626.07 0.0106952 0.536585 0.0052169
33 4626.13 0 0 4626.13 0.0110257 0.547619 0.0052169
34 4625.94 0 0 4625.94 0.0113447 0.521739 0.0052169
35 4626 0 0 4626 0.0116706 0.520833 0.0052169
36 4626.26 0 0 4626.26 0.011988 0.5 0.0052169
37 4626.4 0 0 4626.4 0.0122842 0.442623 0.0052169
38 4626.41 0 0 4626.41 0.0126078 0.444444 0.0052169
39 4626.53 0 0 4626.53 0.0129225 0.432836 0.0052169
40 4626.75 0 0 4626.75 0.0132494 0.441176 0.0052169
41 4626.23 0 0 4626.23 0.0135762 0.449275 0.0052169
42 4626.21 0 0 4626.21 0.0139027 0.457143 0.0052169
43 4627.58 0 0 4627.58 0.0142243 0.458333 0.0052169
44 4627.1 0 0 4627.1 0.0145503 0.465753 0.0052169
45 4626.59 0 0 4626.59 0.014876 0.472973 0.0052169
46 4626.93 0 0 4626.93 0.0152016 0.48 0.0052169
47 4626.03 0 0 4626.03 0.0155218 0.480519 0.0052169
48 4626.08 0 0 4626.08 0.0158416 0.481013 0.0052169
49 4626.11 0 0 4626.11 0.0161343 0.453488 0.0052169
50 4626.07 0 0 4626.07 0.0164582 0.45977 0.0052169
51 4626 0 0 4626 0.0167818 0.465909 0.0052169
52 4626 0 0 4626 0.0170884 0.456522 0.0052169
53 4626.05 0 0 4626.05 0.0173999 0.452632 0.0052169
54 4625.99 0 0 4625.99 0.0177165 0.453608 0.0052169
55 4626.3 0 0 4626.3 0.0180269 0.45 0.0052169
56 4626.18 0 0 4626.18 0.0183426 0.45098 0.0052169
57 4626 0 0 4626 0.0186457 0.443396 0.0052169
58 4626.53 0 0 4626.53 0.0189604 0.444444 0.0052169
59 4627.38 0 0 4627.38 0.019281 0.449541 0.0052169
60 4627.14 0 0 4627.14 0.0196014 0.454545 0.0052169
MCMC samples:
catchability[CPUEq].q preference_function[ImmatureDistance].lambda preference_function[ImmatureDepth].a50 preference_function[ImmatureDepth].ato95 preference_function[ImmatureLatitude].a50 preference_function[ImmatureLatitude].ato95 preference_function[MatureDistance].lambda preference_function[MatureDepth].mu preference_function[MatureDepth].sigma_l preference_function[MatureDepth].sigma_r preference_function[MatureLatitude].a50 preference_function[MatureLatitude].ato95 selectivity[FishingSel].a50 selectivity[FishingSel].ato95 selectivity[Maturation].a50 selectivity[Maturation].ato95 process[BHrecruitment].r0
0.000110781 0.0129189 4535.66 4290.64 70.4152 7.42919 0.00650572 4997.67 2399.27 9893.19 61.2363 29.6216 12.429 6.19441 15.102 10.8866 9.77283e+006
0.000107526 0.0130053 4509.44 4272.37 70.3038 7.42697 0.00657596 4999.1 2453.67 9905.76 60.9109 29.6079 12.405 6.15417 15.1713 10.9957 9.74601e+006
0.000109684 0.0130058 4509.38 4272.32 70.3038 7.42735 0.00657601 4999.1 2453.81 9905.8 60.9102 29.6079 12.4052 6.15419 15.1714 10.9958 9.74593e+006
0.000108537 0.0130044 4509.34 4272.32 70.3041 7.4296 0.00657991 4999.1 2453.79 9905.81 60.9099 29.6079 12.4052 6.15404 15.1717 10.9948 9.74592e+006
0.000108156 0.0130031 4509.42 4272.34 70.3046 7.43075 0.00657963 4999.1 2453.58 9905.77 60.9108 29.608 12.405 6.15371 15.172 10.9939 9.746e+006
0.000109656 0.0130027 4509.48 4272.32 70.3037 7.42976 0.00658006 4999.1 2453.91 9905.75 60.9114 29.608 12.4053 6.15441 15.172 10.9946 9.74611e+006
0.000110158 0.0130011 4509.22 4272.17 70.3043 7.4327 0.00658104 4999.09 2453.67 9905.89 60.9088 29.6079 12.4058 6.15511 15.1742 10.9979 9.74601e+006
0.000111341 0.013001 4509.31 4272.07 70.3043 7.43329 0.0065801 4999.08 2453.8 9905.85 60.9041 29.6077 12.4018 6.15177 15.17 10.9932 9.74599e+006
0.000108763 0.0130004 4509.19 4272.11 70.3037 7.43273 0.00658119 4998.96 2448.72 9905.59 60.9065 29.607 12.4028 6.15322 15.1686 10.9972 9.74736e+006
0.000109639 0.0130012 4508.82 4272.09 70.3042 7.43312 0.00658187 4998.96 2448.53 9905.72 60.9018 29.6069 12.4021 6.1526 15.1684 10.9954 9.74712e+006
0.000113665 0.0129975 4508.14 4272.03 70.3041 7.43459 0.00659502 4998.94 2448.02 9905.9 60.8959 29.6067 12.4066 6.15562 15.17 10.9936 9.74713e+006
0.000113159 0.0129994 4509.19 4272.43 70.3024 7.42594 0.00659348 4998.95 2447.77 9905.56 60.906 29.6069 12.4091 6.15665 15.1703 10.9929 9.74765e+006
0.000111054 0.0129978 4509.76 4272.47 70.3019 7.41675 0.0065905 4998.96 2450.28 9905.49 60.9109 29.6073 12.4084 6.15585 15.1689 11.0028 9.74802e+006
0.000108881 0.0129988 4510.14 4271.55 70.3031 7.42833 0.00658787 4998.98 2452.18 9905.55 60.9131 29.6079 12.4055 6.15198 15.1688 11.0151 9.74787e+006
0.000112914 0.0129967 4508.94 4271.51 70.2997 7.42275 0.00659293 4998.96 2458.3 9905.77 60.9056 29.608 12.4077 6.1569 15.1593 11.0254 9.74738e+006
0.000111572 0.013004 4510.78 4271.61 70.2969 7.41673 0.00659047 4998.99 2458.33 9905.32 60.9212 29.6086 12.4042 6.15585 15.1589 11.0308 9.748e+006
0.000114624 0.0130052 4511.11 4271.65 70.2962 7.41559 0.00661177 4998.98 2457.16 9905.26 60.9235 29.6086 12.4051 6.1562 15.1593 11.0319 9.74832e+006
0.000112252 0.0130055 4510.76 4271.63 70.2946 7.41277 0.00660596 4998.98 2457.03 9905.34 60.9194 29.6083 12.405 6.15641 15.1606 11.0294 9.74811e+006
0.000109455 0.0130044 4510.95 4271.65 70.2928 7.40835 0.00660642 4998.97 2456.4 9905.24 60.9213 29.6082 12.4044 6.15543 15.1611 11.0311 9.74837e+006
0.000113699 0.0130039 4517.8 4272.52 70.288 7.40494 0.00658932 4999 2458.03 9903.1 60.986 29.6112 12.4053 6.15753 15.1583 11.0313 9.75178e+006
0.000111554 0.0130048 4518.5 4272.62 70.2927 7.41047 0.00658923 4999.04 2459.87 9903.01 60.9926 29.6121 12.4051 6.15735 15.1579 11.033 9.75162e+006
0.000111109 0.0130058 4518.65 4272.36 70.2915 7.40922 0.0065897 4999.04 2460.23 9903.01 60.9942 29.6121 12.4054 6.15755 15.1583 11.0403 9.75191e+006
0.000111274 0.0130055 4518.02 4272.35 70.291 7.40802 0.00659386 4999.05 2461.78 9903.19 60.9884 29.612 12.4022 6.15393 15.1554 11.043 9.75131e+006
0.000111964 0.0129986 4509.87 4271.58 70.2892 7.40991 0.00661271 4998.74 2453.02 9904.96 60.9209 29.6075 12.4046 6.16068 15.1518 11.0495 9.75045e+006
0.000109436 0.0129989 4512.53 4271.88 70.293 7.41706 0.00661066 4998.76 2453.8 9904.25 60.9468 29.6091 12.4043 6.16099 15.1512 11.0531 9.75147e+006
0.000109986 0.0129975 4512.56 4271.87 70.2925 7.41625 0.00661004 4998.75 2453.79 9904.2 60.9471 29.6091 12.404 6.16053 15.1506 11.0522 9.7516e+006
0.000108239 0.0130019 4512.72 4271.85 70.2926 7.41562 0.00660635 4998.66 2449.72 9904.13 60.9505 29.6088 12.4062 6.16266 15.1506 11.0603 9.75256e+006
0.000109719 0.0130015 4512.3 4272.01 70.2916 7.41029 0.00660327 4998.73 2451.35 9904.38 60.9437 29.6085 12.4062 6.1623 15.1536 11.0526 9.75166e+006
0.000110772 0.0130028 4512.88 4272.71 70.2955 7.40803 0.00660458 4998.76 2452.12 9904.21 60.9498 29.6085 12.4066 6.16426 15.1517 11.0454 9.75201e+006
0.000115125 0.0130047 4514.15 4273.59 70.2963 7.40059 0.00660414 4998.75 2450.38 9903.72 60.9633 29.6088 12.4093 6.16732 15.1508 11.0348 9.75281e+006
0.000115162 0.0130026 4512.48 4273.46 70.2968 7.39946 0.00660657 4998.75 2451.06 9904.27 60.9471 29.6081 12.4091 6.16816 15.1533 11.0355 9.75178e+006
0.000110673 0.0130022 4512.28 4273.45 70.2968 7.39948 0.00660828 4998.72 2449.79 9904.25 60.9465 29.6079 12.409 6.16849 15.1542 11.0397 9.75197e+006
0.000109468 0.0130051 4514.35 4273.69 70.2962 7.39796 0.00660165 4998.75 2450.51 9903.68 60.9657 29.6089 12.408 6.16647 15.1534 11.0467 9.75283e+006
0.000112195 0.0130006 4510.35 4273.2 70.2965 7.39667 0.00661461 4998.78 2452.7 9904.91 60.9281 29.6074 12.4056 6.1643 15.1545 11.0468 9.75046e+006
0.000111417 0.0130066 4510.45 4273 70.2982 7.39929 0.00661437 4998.81 2452.77 9905.05 60.9272 29.6077 12.4037 6.1625 15.1543 11.0488 9.75009e+006
0.000111718 0.0130108 4512.84 4273.26 70.2976 7.39927 0.00661027 4998.87 2453.69 9904.38 60.9484 29.6088 12.403 6.16128 15.1542 11.0456 9.75075e+006
0.000109004 0.013009 4512.74 4272.92 70.2951 7.39876 0.00662025 4998.88 2454.74 9904.48 60.9468 29.6087 12.4024 6.16042 15.1561 11.0516 9.75057e+006
0.00010873 0.0130093 4514.2 4273.02 70.2956 7.40088 0.00661815 4998.86 2453.74 9904.01 60.9615 29.6093 12.4038 6.16125 15.1554 11.0533 9.75162e+006
0.000108704 0.0130102 4515.7 4273.18 70.2967 7.40072 0.00661463 4998.88 2455.26 9903.64 60.9754 29.6102 12.4038 6.16139 15.1548 11.058 9.75209e+006
0.000108486 0.0130037 4515.23 4273.38 70.2969 7.39912 0.00661517 4998.98 2459.13 9903.97 60.9679 29.6102 12.403 6.16009 15.1586 11.0475 9.75074e+006
0.00010814 0.0130045 4515.24 4273.39 70.2989 7.40212 0.00661708 4998.96 2458.31 9903.98 60.9687 29.6101 12.4028 6.15598 15.1554 11.052 9.75088e+006
0.000112303 0.0130064 4515.14 4273.73 70.3043 7.40436 0.00662036 4999.15 2464.08 9904.64 60.9615 29.6108 12.4045 6.15717 15.1633 11.0453 9.74851e+006
0.000112275 0.0130071 4515.26 4273.48 70.3032 7.4071 0.00661386 4999.11 2462.82 9904.55 60.963 29.6108 12.4044 6.15461 15.1611 11.0454 9.74889e+006
0.00010711 0.0130062 4516.43 4273.81 70.3022 7.40337 0.00661737 4999.12 2461.65 9904.18 60.9726 29.611 12.4028 6.15409 15.1634 11.0406 9.74941e+006
0.000107678 0.0130058 4516.69 4273.82 70.2947 7.39452 0.00659193 4999.12 2462.07 9903.95 60.9745 29.6107 12.4021 6.15361 15.1625 11.0358 9.74968e+006
0.000108421 0.0129989 4517.38 4274 70.2941 7.39355 0.00658361 4999.08 2462.05 9903.61 60.9827 29.6113 12.4024 6.15363 15.1613 11.0359 9.75048e+006
0.000107876 0.012998 4517.21 4274.04 70.2938 7.39189 0.00658495 4999.1 2462.77 9903.66 60.9806 29.6112 12.401 6.15246 15.1603 11.0308 9.75021e+006
0.000111455 0.0129969 4516.57 4274.09 70.2917 7.38726 0.00658925 4999.39 2473.9 9904.25 60.9659 29.6118 12.3991 6.14825 15.1647 11.0114 9.74672e+006
0.000111569 0.013001 4517.55 4274.2 70.2915 7.36798 0.00657928 4999.41 2475.22 9904.07 60.9742 29.6124 12.391 6.14036 15.16 11.0294 9.74687e+006
0.000111642 0.0130017 4518.55 4274.41 70.2912 7.36426 0.00657764 4999.43 2475.68 9904.15 60.9814 29.6126 12.3942 6.1432 15.1642 11.0362 9.74707e+006
0.000111339 0.0129995 4518.81 4274.46 70.291 7.36417 0.00658938 4999.53 2479.43 9904.27 60.9808 29.6129 12.3932 6.13954 15.1652 11.0303 9.746e+006
0.000110861 0.0129944 4519.1 4274.81 70.2922 7.36143 0.00658908 4999.52 2479.48 9904.08 60.9847 29.613 12.3932 6.14047 15.1658 11.026 9.74624e+006
0.00011028 0.0129934 4518.36 4274.83 70.2912 7.36054 0.00658876 4999.52 2479.6 9904.22 60.9781 29.6127 12.3927 6.14047 15.1652 11.0227 9.74593e+006
0.000109915 0.0129926 4518.18 4274.74 70.2921 7.36121 0.00659067 4999.52 2479.14 9904.24 60.9769 29.6124 12.3924 6.13973 15.1658 11.0231 9.7459e+006
0.000110467 0.0129934 4518.23 4274.73 70.2901 7.35505 0.00658972 4999.51 2478.69 9904.19 60.9769 29.6122 12.392 6.1384 15.1648 11.0255 9.74605e+006
0.000112226 0.0129957 4518.02 4274.77 70.2893 7.35046 0.00659247 4999.55 2479.85 9904.35 60.9727 29.6122 12.3951 6.13985 15.1661 11.0233 9.74555e+006
0.000109397 0.012993 4517.5 4274.74 70.2928 7.35454 0.00662125 4999.53 2478.75 9904.57 60.9687 29.6122 12.3943 6.13969 15.1681 11.0304 9.74548e+006
0.000110484 0.0129924 4517.81 4274.81 70.2942 7.36227 0.00662464 4999.53 2482.16 9904.48 60.9733 29.6128 12.3947 6.14147 15.1632 11.0334 9.74541e+006
0.000108567 0.0129935 4518.89 4274.9 70.2955 7.36935 0.00662467 4999.54 2481.8 9904.15 60.9836 29.6134 12.3937 6.13986 15.1627 11.0301 9.74585e+006
0.00011405 0.0129938 4516.48 4274.53 70.2966 7.37201 0.00662779 4999.53 2483.57 9904.85 60.9616 29.6126 12.3944 6.14124 15.1593 11.0322 9.74473e+006
0.000113738 0.0129962 4517.91 4274.81 70.3006 7.36925 0.00662385 4999.55 2483.71 9904.51 60.9752 29.6133 12.3944 6.14072 15.1585 11.0351 9.7452e+006
*end

Completed
