SPM (Spatial Population Model)
Call: spm -m -q -g 0 
Date: Fri Apr 10 14:31:55 2015
v1.1-2015-04-01 (rev. 1250). Copyright (c) 2008-2015, NIWA
User name: dunn
Machine name: NIWA-34286 (Windows_NT, PID=5996)

[MCMC]
report.type: MCMC
Original covariance matrix:
8.52032e-012 -1.3783e-010 -6.02926e-005 -4.39576e-006 -5.94828e-008 8.08075e-008 -3.52951e-011 -1.4823e-006 -4.30301e-005 1.54957e-005 -4.84993e-007 -3.12124e-008 3.67724e-007 2.0559e-007 -5.69837e-008 -1.08416e-007 -0.0154851
-1.3783e-010 8.53018e-007 0.0229461 -0.00210675 -5.28717e-005 -9.76617e-005 -9.5529e-009 0.00188066 -0.00183437 -0.00166818 0.00012758 9.29429e-006 -1.18939e-005 -1.06567e-005 7.17997e-006 5.99481e-006 -9.54269
-6.02926e-005 0.0229461 16957.3 2014.86 3.66415 2.79796 -0.0472008 164.08 814.546 -4810.05 157.317 7.82579 -2.21803 -2.31021 0.39884 3.7237 7.207e+006
-4.39576e-006 -0.00210675 2014.86 528.46 1.26684 -1.38146 -0.00443053 7.41419 -301.976 -636.836 19.5766 0.870174 0.268641 0.321372 -0.194854 -2.40881 999918
-5.94828e-008 -5.28717e-005 3.66415 1.26684 0.0765841 0.095875 -1.16988e-006 -0.0255707 -0.84274 -0.685326 0.0503793 0.00610271 -0.000389805 -0.000639968 0.000833002 0.0052623 1220.81
8.08075e-008 -9.76617e-005 2.79796 -1.38146 0.095875 0.217383 1.50416e-005 -0.0905625 -0.625415 -0.35247 0.0488994 0.00804086 0.00526476 0.0029894 0.00607656 -0.00821366 1408.07
-3.52951e-011 -9.5529e-009 -0.0472008 -0.00443053 -1.16988e-006 1.50416e-005 1.02328e-006 -0.000416701 -0.0163145 0.0146686 -0.000443628 -2.23461e-005 1.45012e-005 1.57547e-005 2.92806e-005 4.94201e-006 -20.655
-1.4823e-006 0.00188066 164.08 7.41419 -0.0255707 -0.0905625 -0.000416701 12.2713 275.178 -21.5928 1.11916 0.100776 -0.13702 -0.138364 0.172295 -0.318473 -51783.5
-4.30301e-005 -0.00183437 814.546 -301.976 -0.84274 -0.625415 -0.0163145 275.178 17321.7 335.551 0.825508 1.98126 -3.3142 -0.609205 -3.60024 3.46295 -2.80763e+006
1.54957e-005 -0.00166818 -4810.05 -636.836 -0.685326 -0.35247 0.0146686 -21.5928 335.551 1462.63 -45.6991 -2.13213 0.545272 0.492344 0.591573 -0.549127 -2.35625e+006
-4.84993e-007 0.00012758 157.317 19.5766 0.0503793 0.0488994 -0.000443628 1.11916 0.825508 -45.6991 1.48249 0.0729257 -0.0133037 -0.0140095 -0.00658112 0.0463018 71375.4
-3.12124e-008 9.29429e-006 7.82579 0.870174 0.00610271 0.00804086 -2.23461e-005 0.100776 1.98126 -2.13213 0.0729257 0.00417333 -0.00129879 -0.00123892 -0.000247092 0.00308661 2969.93
3.67724e-007 -1.18939e-005 -2.21803 0.268641 -0.000389805 0.00526476 1.45012e-005 -0.13702 -3.3142 0.545272 -0.0133037 -0.00129879 0.0289831 0.0208144 0.000118835 -0.00418315 454.278
2.0559e-007 -1.06567e-005 -2.31021 0.321372 -0.000639968 0.0029894 1.57547e-005 -0.138364 -0.609205 0.492344 -0.0140095 -0.00123892 0.0208144 0.0254152 0.000405167 -0.00239255 376.967
-5.69837e-008 7.17997e-006 0.39884 -0.194854 0.000833002 0.00607656 2.92806e-005 0.172295 -3.60024 0.591573 -0.00658112 -0.000247092 0.000118835 0.000405167 0.0287091 -0.0141539 -1689.58
-1.08416e-007 5.99481e-006 3.7237 -2.40881 0.0052623 -0.00821366 4.94201e-006 -0.318473 3.46295 -0.549127 0.0463018 0.00308661 -0.00418315 -0.00239255 -0.0141539 0.148768 4437.27
-0.0154851 -9.54269 7.207e+006 999918 1220.81 1408.07 -20.655 -51783.5 -2.80763e+006 -2.35625e+006 71375.4 2969.93 454.278 376.967 -1689.58 4437.27 4.517e+009
Proposal distribution covariance matrix:
9.99998e-007 -2.55115e-008 -0.0206555 -0.00150593 -2.03781e-005 2.76837e-005 -5.96472e-009 -0.000507817 -0.0147416 0.00530863 -0.000166152 -1.0693e-005 0.000125978 7.04326e-005 -1.95219e-005 -3.71421e-005 -5.305
-2.55115e-008 2.49001e-007 0.0123974 -0.00113824 -2.85657e-005 -5.2765e-005 -2.54601e-009 0.00101609 -0.000991077 -0.00090129 6.89295e-005 5.02155e-006 -6.42606e-006 -5.75765e-006 3.87922e-006 3.2389e-006 -5.15575
-0.0206555 0.0123974 16957.3 2014.86 3.66415 2.79796 -0.0232837 164.08 814.546 -3984.15 126.843 6.72993 -2.21803 -2.31021 0.39884 3.7237 7.00155e+006
-0.00150593 -0.00113824 2014.86 528.46 1.26684 -1.38146 -0.00218555 7.41419 -301.976 -636.836 19.5766 0.870174 0.268641 0.321372 -0.194854 -2.40881 999918
-2.03781e-005 -2.85657e-005 3.66415 1.26684 0.0765841 0.095875 -5.77094e-007 -0.0255707 -0.84274 -0.685326 0.0503793 0.00610271 -0.000389805 -0.000639968 0.000833002 0.0052623 1220.81
2.76837e-005 -5.2765e-005 2.79796 -1.38146 0.095875 0.217383 7.41988e-006 -0.0905625 -0.625415 -0.35247 0.0488994 0.00804086 0.00526476 0.0029894 0.00607656 -0.00821366 1408.07
-5.96472e-009 -2.54601e-009 -0.0232837 -0.00218555 -5.77094e-007 7.41988e-006 2.49001e-007 -0.000205555 -0.00804778 0.0072359 -0.000218838 -1.10231e-005 7.15331e-006 7.77167e-006 1.44439e-005 2.43785e-006 -10.1889
-0.000507817 0.00101609 164.08 7.41419 -0.0255707 -0.0905625 -0.000205555 12.2713 275.178 -21.5928 1.11916 0.100776 -0.13702 -0.138364 0.172295 -0.318473 -51783.5
-0.0147416 -0.000991077 814.546 -301.976 -0.84274 -0.625415 -0.00804778 275.178 17321.7 335.551 0.825508 1.98126 -3.3142 -0.609205 -3.60024 3.46295 -2.80763e+006
0.00530863 -0.00090129 -4810.05 -636.836 -0.685326 -0.35247 0.0072359 -21.5928 335.551 1462.63 -37.2523 -1.97651 0.545272 0.492344 0.591573 -0.549127 -2.05628e+006
-0.000166152 6.89295e-005 157.317 19.5766 0.0503793 0.0488994 -0.000218838 1.11916 0.825508 -45.6991 1.48249 0.0629256 -0.0133037 -0.0140095 -0.00658112 0.0463018 65465.3
-1.0693e-005 5.02155e-006 7.82579 0.870174 0.00610271 0.00804086 -1.10231e-005 0.100776 1.98126 -2.13213 0.0729257 0.00417333 -0.00129879 -0.00123892 -0.000247092 0.00308661 2969.93
0.000125978 -6.42606e-006 -2.21803 0.268641 -0.000389805 0.00526476 7.15331e-006 -0.13702 -3.3142 0.545272 -0.0133037 -0.00129879 0.0289831 0.0208144 0.000118835 -0.00418315 454.278
7.04326e-005 -5.75765e-006 -2.31021 0.321372 -0.000639968 0.0029894 7.77167e-006 -0.138364 -0.609205 0.492344 -0.0140095 -0.00123892 0.0208144 0.0254152 0.000405167 -0.00239255 376.967
-1.95219e-005 3.87922e-006 0.39884 -0.194854 0.000833002 0.00607656 1.44439e-005 0.172295 -3.60024 0.591573 -0.00658112 -0.000247092 0.000118835 0.000405167 0.0287091 -0.0141539 -1689.58
-3.71421e-005 3.2389e-006 3.7237 -2.40881 0.0052623 -0.00821366 2.43785e-006 -0.318473 3.46295 -0.549127 0.0463018 0.00308661 -0.00418315 -0.00239255 -0.0141539 0.148768 4437.27
-5.305 -5.15575 7.207e+006 999918 1220.81 1408.07 -10.1889 -51783.5 -2.80763e+006 -2.35625e+006 71375.4 2969.93 454.278 376.967 -1689.58 4437.27 4.517e+009
Cholesky decomposition matrix:
0.000999999 0 0 0 0 0 0 0 0 0 0 0 0 0 0 0 0
-2.55116e-005 0.000498347 0 0 0 0 0 0 0 0 0 0 0 0 0 0 0
-20.6555 23.8196 126.346 0 0 0 0 0 0 0 0 0 0 0 0 0 0
-1.50593 -2.36112 16.1461 16.122 0 0 0 0 0 0 0 0 0 0 0 0 0
-0.0203781 -0.058364 0.0366726 0.0313994 0.26539 0 0 0 0 0 0 0 0 0 0 0 0
0.0276837 -0.104463 0.046365 -0.144835 0.351143 0.243467 0 0 0 0 0 0 0 0 0 0 0
-5.96472e-006 -5.41426e-006 -0.00018424 4.76024e-005 1.60037e-005 6.91533e-005 0.000455727 0 0 0 0 0 0 0 0 0 0
-0.507817 2.01292 0.836149 -0.130153 0.207191 0.0139603 -0.0915443 2.68215 0 0 0 0 0 0 0 0 0
-14.7416 -2.74338 4.55414 -25.0703 -2.57387 -14.1387 -11.1891 99.118 79.3187 0 0 0 0 0 0 0 0
5.30864 -1.5368 -36.9128 -2.26215 2.85572 -1.14558 1.31576 5.33579 -0.0253608 4.97369 0 0 0 0 0 0 0
-0.166153 0.12981 1.19349 0.0224915 0.0380389 0.00666907 -0.00302415 -0.0856684 0.0316505 -0.03029 0.0484904 0 0 0 0 0 0
-0.010693 0.009529 0.0583947 -0.00411098 0.016687 0.000697845 -0.000869592 0.00867086 0.0083765 -0.00126131 0.00223614 0.0104741 0 0 0 0 0
0.125978 -0.00644564 0.00425526 0.0232247 0.00345114 0.0125623 0.0145357 -0.0224324 0.020937 0.036561 0.0250677 -0.0083845 0.0956854 0 0 0 0
0.0704327 -0.00794787 -0.00527182 0.0306284 -0.00164639 0.0224585 0.00920013 -0.0288329 0.0563959 0.0310671 0.0196839 -0.0175392 0.0751134 0.0867155 0 0 0
-0.0195219 0.00678479 -0.0013139 -0.0116002 0.00468591 0.0166804 0.0295041 0.0558544 -0.114883 0.0596859 0.0237624 -0.00529604 0.0321714 0.0553778 0.0489923 0 0
-0.0371422 0.00459788 0.0225333 -0.174774 0.0355523 -0.187077 0.0594223 -0.144471 0.137103 0.0948665 0.0578232 0.0281539 -0.0516357 -0.0249726 0.0871558 0.113269 0
-5305 -10617.3 58176.1 1708.3 -6383.35 974.984 863.921 -29878.7 -2124.83 -3118.06 1096.25 123.803 2361.33 446.076 -3100.51 2133.46 4262.87
MCMC objective function values:
iteration score penalty prior likelihood acceptance_rate acceptance_rate_since_adapt stepsize
0 4625.47 0 0 4625.47 0 0 0.582086
1 4626.19 0 0 4626.19 0.000277469 0.000277469 0.582086
2 4626.25 0 0 4626.25 0.000554785 1 0.000672962
3 4626.16 0 0 4626.16 0.000831947 1 0.000672962
4 4626.16 0 0 4626.16 0.00110895 1 0.000672962
5 4626.15 0 0 4626.15 0.00138581 1 0.000672962
6 4626.84 0 0 4626.84 0.00166251 1 0.00280401
7 4626.18 0 0 4626.18 0.00193852 0.666667 0.00280401
8 4627.1 0 0 4627.1 0.00221423 0.6 0.00280401
9 4626.99 0 0 4626.99 0.00249032 0.666667 0.00280401
10 4626.46 0 0 4626.46 0.00276549 0.625 0.00280401
11 4627.24 0 0 4627.24 0.00303867 0.25 0.00730211
12 4626.28 0 0 4626.28 0.003314 0.4 0.00730211
13 4626.09 0 0 4626.09 0.00358918 0.5 0.00730211
14 4626.1 0 0 4626.1 0.00386313 0.5 0.00730211
15 4626.32 0 0 4626.32 0.00413679 0.5 0.00730211
16 4627.5 0 0 4627.5 0.00440771 0.428571 0.00730211
17 4628.16 0 0 4628.16 0.00467547 0.35 0.00730211
18 4626.57 0 0 4626.57 0.00494913 0.380952 0.00730211
19 4626.16 0 0 4626.16 0.00522121 0.391304 0.00730211
20 4626.21 0 0 4626.21 0.00548998 0.37037 0.00730211
21 4626.32 0 0 4626.32 0.00575342 0.323529 0.00730211
22 4626.17 0 0 4626.17 0.00602575 0.342857 0.00730211
23 4629.82 0 0 4629.82 0.00629619 0.351351 0.00730211
24 4626.89 0 0 4626.89 0.00656635 0.358974 0.00730211
25 4626.77 0 0 4626.77 0.00682687 0.326087 0.00730211
26 4626.15 0 0 4626.15 0.00708833 0.307692 0.00730211
27 4626.68 0 0 4626.68 0.00735094 0.298246 0.00730211
28 4626.17 0 0 4626.17 0.0076149 0.295082 0.00730211
29 4626.17 0 0 4626.17 0.00787402 0.283582 0.00730211
30 4626.21 0 0 4626.21 0.00811908 0.253165 0.00730211
31 4626.21 0 0 4626.21 0.00838518 0.259259 0.00730211
32 4626.49 0 0 4626.49 0.00863465 0.244444 0.00730211
33 4626.37 0 0 4626.37 0.00890208 0.252747 0.00730211
34 4626.33 0 0 4626.33 0.00916689 0.258065 0.00730211
35 4627.77 0 0 4627.77 0.00942888 0.260417 0.00730211
36 4626.47 0 0 4626.47 0.00968784 0.26 0.00730211
37 4626.3 0 0 4626.3 0.00995426 0.267327 0.00730211
38 4630.69 0 0 4630.69 0.0102205 0.27451 0.00730211
39 4626.54 0 0 4626.54 0.0104839 0.278846 0.00730211
40 4626.37 0 0 4626.37 0.0107411 0.277778 0.00730211
41 4626.14 0 0 4626.14 0.0110067 0.284404 0.00730211
42 4627.76 0 0 4627.76 0.0112601 0.280702 0.00730211
43 4626.3 0 0 4626.3 0.0115158 0.279661 0.00730211
44 4627.78 0 0 4627.78 0.0117805 0.285714 0.00730211
45 4627.89 0 0 4627.89 0.0120417 0.289256 0.00730211
46 4626.48 0 0 4626.48 0.0122995 0.290323 0.00730211
47 4626.17 0 0 4626.17 0.0125635 0.296 0.00730211
48 4626.46 0 0 4626.46 0.0128274 0.301587 0.00730211
49 4626.57 0 0 4626.57 0.0130911 0.307087 0.00730211
50 4626.32 0 0 4626.32 0.0133476 0.307692 0.00730211
51 4626.38 0 0 4626.38 0.0135928 0.301471 0.00730211
52 4626.41 0 0 4626.41 0.0138445 0.3 0.00730211
53 4626.27 0 0 4626.27 0.0140808 0.290541 0.00730211
54 4626.29 0 0 4626.29 0.0143388 0.293333 0.00730211
55 4627.55 0 0 4627.55 0.0145966 0.296053 0.00730211
56 4626.05 0 0 4626.05 0.0148266 0.285714 0.00730211
57 4626.8 0 0 4626.8 0.0150873 0.290123 0.00730211
58 4626.86 0 0 4626.86 0.0153439 0.292683 0.00730211
59 4626.04 0 0 4626.04 0.015592 0.291667 0.00730211
60 4627.76 0 0 4627.76 0.015852 0.295858 0.00730211
MCMC samples:
catchability[CPUEq].q preference_function[ImmatureDistance].lambda preference_function[ImmatureDepth].a50 preference_function[ImmatureDepth].ato95 preference_function[ImmatureLatitude].a50 preference_function[ImmatureLatitude].ato95 preference_function[MatureDistance].lambda preference_function[MatureDepth].mu preference_function[MatureDepth].sigma_l preference_function[MatureDepth].sigma_r preference_function[MatureLatitude].a50 preference_function[MatureLatitude].ato95 selectivity[FishingSel].a50 selectivity[FishingSel].ato95 selectivity[Maturation].a50 selectivity[Maturation].ato95 process[BHrecruitment].r0
0.000110781 0.0129189 4535.66 4290.64 70.4152 7.42919 0.00650572 4997.67 2399.27 9893.19 61.2363 29.6216 12.429 6.19441 15.102 10.8866 9.77283e+006
0.000110321 0.0129132 4563.75 4294.02 70.3947 7.29207 0.00553248 4998.26 2463.82 9880.21 61.4749 29.6363 12.4161 6.18089 14.9585 10.7438 9.78987e+006
0.000110013 0.0129123 4563.7 4294.02 70.3947 7.29209 0.00553113 4998.24 2463.08 9880.17 61.4751 29.6362 12.4161 6.18096 14.958 10.7446 9.79011e+006
0.000111205 0.0129123 4563.67 4294.01 70.3948 7.29243 0.00553108 4998.23 2462.84 9880.18 61.4748 29.6361 12.416 6.18076 14.9583 10.7446 9.7901e+006
0.000111176 0.0129121 4563.7 4294.03 70.3952 7.29286 0.00553127 4998.23 2462.69 9880.17 61.4752 29.6362 12.4161 6.18061 14.9584 10.7439 9.79012e+006
0.000111025 0.0129122 4563.6 4293.99 70.3952 7.29322 0.00553135 4998.23 2462.78 9880.2 61.4743 29.6361 12.4161 6.1806 14.9582 10.7443 9.79007e+006
0.000108551 0.0129028 4562.82 4293.99 70.3975 7.29793 0.00553219 4998.19 2462.1 9880.34 61.4688 29.6358 12.4161 6.18035 14.9589 10.743 9.79016e+006
0.000111392 0.012901 4563.46 4294.1 70.3971 7.29711 0.00552809 4998.2 2462.12 9880.15 61.4745 29.6361 12.4167 6.18035 14.9594 10.7412 9.79047e+006
0.000113741 0.0129005 4563.05 4294.19 70.3983 7.29783 0.00553241 4998.18 2461.19 9880.22 61.4714 29.6359 12.4178 6.18116 14.9594 10.7398 9.79067e+006
0.000113589 0.0128994 4562.87 4294.14 70.3991 7.30152 0.00553172 4998.23 2462.68 9880.36 61.4683 29.636 12.4184 6.18156 14.9619 10.7365 9.79009e+006
0.00011253 0.0128925 4562.34 4294.25 70.3993 7.30103 0.00553258 4998.23 2463.96 9880.51 61.4628 29.6358 12.4184 6.18162 14.9633 10.7343 9.78968e+006
0.000107974 0.012893 4562.25 4294.47 70.3968 7.29183 0.00552751 4998.18 2463.2 9880.31 61.4643 29.6349 12.4176 6.1834 14.9594 10.7365 9.79028e+006
0.000109988 0.01289 4562.1 4294.53 70.3982 7.29347 0.00553176 4998.11 2461.7 9880.17 61.4634 29.6352 12.4166 6.18186 14.9544 10.7379 9.79091e+006
0.000110694 0.0128886 4563.76 4290.96 70.3906 7.32494 0.00551215 4998.14 2466.81 9880.15 61.4733 29.6368 12.4103 6.17364 14.9582 10.7801 9.79139e+006
0.000110655 0.0128997 4564.54 4290.82 70.3863 7.32192 0.00551022 4998.2 2467.38 9880.05 61.478 29.637 12.4085 6.17219 14.9573 10.7762 9.79116e+006
0.000109497 0.0129027 4564.11 4290.73 70.3835 7.31533 0.00550983 4998.25 2468.92 9880.27 61.4717 29.6367 12.4053 6.16929 14.9567 10.7763 9.7904e+006
0.000107522 0.0128939 4563.55 4290.76 70.3896 7.32213 0.00548915 4998.23 2469.6 9880.34 61.4682 29.6368 12.4046 6.16774 14.9555 10.7729 9.7902e+006
0.000106864 0.0128842 4560.43 4290.93 70.3889 7.32065 0.00548775 4998.2 2469.8 9881.07 61.4405 29.6354 12.4058 6.16842 14.9551 10.7631 9.78878e+006
0.000108987 0.0128875 4560.86 4290.98 70.3907 7.32268 0.00548865 4998.2 2468.64 9881 61.4454 29.6357 12.4071 6.1683 14.9563 10.7657 9.78898e+006
0.000110421 0.0128905 4558.84 4290.8 70.3941 7.32556 0.00548316 4998.26 2471.29 9881.74 61.424 29.6352 12.4066 6.17007 14.9571 10.7609 9.78712e+006
0.000111597 0.0128871 4558 4290.73 70.3967 7.32942 0.00548292 4998.24 2472.91 9881.89 61.4183 29.6351 12.4063 6.17116 14.9537 10.7636 9.78691e+006
0.000109654 0.0129035 4558.54 4290.54 70.3941 7.32689 0.00548478 4998.31 2472.53 9881.92 61.4194 29.6352 12.4053 6.17035 14.9546 10.7626 9.78668e+006
0.000111301 0.0129286 4559.55 4290.47 70.3929 7.3264 0.00548363 4998.4 2471.26 9881.71 61.4257 29.6357 12.4058 6.1699 14.9542 10.7562 9.78626e+006
0.000116551 0.0129354 4559.74 4290.62 70.3923 7.32259 0.00548073 4998.41 2470.44 9881.73 61.427 29.6357 12.4102 6.17389 14.9554 10.7557 9.78632e+006
0.000113422 0.0129334 4559.64 4290.72 70.398 7.33314 0.00548459 4998.4 2470.45 9881.75 61.4276 29.636 12.4102 6.17598 14.9558 10.7539 9.78615e+006
0.000113195 0.0129423 4560.17 4290.84 70.3925 7.32344 0.00548362 4998.44 2470.45 9881.6 61.4299 29.6359 12.4097 6.17578 14.9566 10.7494 9.78593e+006
0.000110891 0.0129673 4562 4290.73 70.3911 7.32226 0.00548264 4998.55 2470.5 9881.18 61.4436 29.6368 12.4079 6.17444 14.9561 10.7474 9.78568e+006
0.000108845 0.0129745 4562.65 4290.66 70.3891 7.3182 0.00547512 4998.58 2470.7 9881.04 61.4482 29.6367 12.4075 6.17502 14.9562 10.7505 9.78575e+006
0.000110673 0.0129707 4562.61 4290.74 70.3896 7.31666 0.00547634 4998.55 2472.19 9880.98 61.4503 29.6368 12.4098 6.17693 14.9529 10.7562 9.78599e+006
0.000110786 0.0129562 4562.09 4290.75 70.381 7.30877 0.00547698 4998.48 2473.28 9880.87 61.4466 29.6361 12.4097 6.18093 14.9529 10.7546 9.78644e+006
0.000111356 0.0129612 4562.31 4290.83 70.3815 7.30884 0.00547753 4998.55 2474.94 9880.92 61.4466 29.6364 12.409 6.17994 14.9527 10.7473 9.7861e+006
0.000111303 0.0129462 4561.94 4290.99 70.3415 7.25219 0.00547437 4998.45 2475.05 9880.43 61.4402 29.6332 12.4087 6.18246 14.9551 10.7495 9.78755e+006
0.000112468 0.0129482 4561.63 4290.7 70.3411 7.25344 0.00547221 4998.41 2474.9 9880.48 61.4388 29.6331 12.4101 6.18432 14.9536 10.7556 9.78764e+006
0.000112166 0.0129468 4562.57 4290.81 70.3412 7.25498 0.00547122 4998.43 2467.03 9880.23 61.4438 29.6327 12.4032 6.17574 14.9649 10.7403 9.78809e+006
0.000109507 0.0129452 4562.6 4290.94 70.3442 7.25853 0.00548569 4998.41 2465.28 9880.2 61.4459 29.6325 12.4048 6.17737 14.9667 10.7384 9.78846e+006
0.000107176 0.0129384 4561.71 4291.02 70.3443 7.25659 0.005496 4998.37 2464.49 9880.29 61.4391 29.6319 12.4047 6.17823 14.9669 10.734 9.78858e+006
0.000109097 0.0129388 4560.05 4290.86 70.3425 7.24601 0.00549562 4998.39 2465.61 9880.95 61.4214 29.631 12.4041 6.17767 14.9683 10.7393 9.78742e+006
0.000112014 0.0129477 4557.36 4290.36 70.3411 7.24251 0.00549863 4998.39 2462.75 9881.77 61.3944 29.6295 12.4035 6.17561 14.971 10.7362 9.78599e+006
0.000117031 0.0129456 4558.16 4290.66 70.3422 7.24166 0.00548562 4998.56 2466.53 9881.95 61.3957 29.63 12.4017 6.17207 14.9785 10.7262 9.78485e+006
0.00011258 0.0129428 4565.35 4291.63 70.3447 7.24653 0.00547401 4998.62 2467.86 9879.83 61.4631 29.6334 12.4008 6.17119 14.9789 10.7267 9.78803e+006
0.000112194 0.0129419 4566.88 4291.63 70.348 7.25301 0.00547261 4998.62 2467.63 9879.45 61.4778 29.6343 12.4008 6.17102 14.9799 10.7333 9.7888e+006
0.000111329 0.0129426 4569.26 4291.78 70.3514 7.25524 0.00546725 4998.59 2466.15 9878.75 61.5003 29.6354 12.4001 6.16924 14.9774 10.7443 9.79021e+006
0.000107047 0.0129408 4569.39 4291.86 70.3502 7.25138 0.00546733 4998.59 2466.8 9878.74 61.5016 29.6353 12.4007 6.1701 14.9794 10.7473 9.79019e+006
0.000109355 0.0129486 4570.16 4291.87 70.3371 7.23172 0.00549162 4998.63 2467.47 9878.63 61.5046 29.6347 12.4034 6.17182 14.9819 10.7506 9.79031e+006
0.000114524 0.0129493 4569.58 4291.52 70.3389 7.23696 0.00549267 4998.6 2466.63 9878.81 61.5001 29.6344 12.4041 6.17194 14.9821 10.7583 9.79024e+006
0.000114673 0.0129476 4569.02 4291.12 70.3377 7.23927 0.00549037 4998.52 2464.45 9879.01 61.4951 29.6339 12.4046 6.17411 14.9826 10.7655 9.79074e+006
0.000108859 0.0129494 4569.4 4291.13 70.3354 7.2357 0.00548965 4998.57 2466.3 9878.97 61.4957 29.6341 12.4039 6.17325 14.9822 10.7628 9.79049e+006
0.00010971 0.0129382 4567.5 4290.97 70.3319 7.23487 0.00549435 4998.51 2466.08 9879.34 61.479 29.6329 12.4027 6.17284 14.9818 10.7655 9.79029e+006
0.000112613 0.0129404 4567.76 4290.15 70.3292 7.24625 0.00548912 4998.55 2469.26 9879.41 61.4797 29.6335 12.4051 6.17628 14.9818 10.7697 9.79017e+006
0.000108685 0.0129438 4567.85 4290.12 70.3277 7.24402 0.00548798 4998.56 2469.22 9879.34 61.4805 29.6343 12.4038 6.17458 14.9806 10.7699 9.79002e+006
0.000109169 0.01294 4581.39 4291.89 70.3308 7.24631 0.00546826 4998.62 2468.16 9875.42 61.6081 29.64 12.4051 6.17463 14.9843 10.7714 9.79651e+006
0.000109011 0.0129437 4582.08 4291.66 70.3332 7.25297 0.00547098 4998.63 2467.51 9875.34 61.6138 29.6404 12.401 6.166 14.9808 10.7783 9.79661e+006
0.000108879 0.0129387 4585.51 4292.34 70.3352 7.25189 0.00546584 4998.57 2465.29 9874.24 61.6485 29.6418 12.4019 6.17073 14.9826 10.7839 9.79902e+006
0.000109219 0.0129467 4584.5 4292.05 70.3356 7.25542 0.00546895 4998.41 2458.63 9874.35 61.6428 29.6411 12.403 6.17169 14.9784 10.7948 9.80014e+006
0.000112129 0.0129471 4586.64 4292.25 70.3349 7.25296 0.00546391 4998.42 2458.74 9873.86 61.662 29.6423 12.4041 6.17244 14.9795 10.7987 9.801e+006
0.000114204 0.0129408 4586.48 4292.37 70.3356 7.25308 0.00545812 4998.4 2458.21 9873.82 61.6613 29.6418 12.4046 6.17486 14.9811 10.7929 9.80122e+006
0.000111093 0.0129446 4589.21 4292.73 70.3317 7.24574 0.00545707 4998.44 2457.81 9873.07 61.6843 29.6427 12.4041 6.17385 14.9833 10.7918 9.80225e+006
0.000113107 0.0129295 4585.75 4293.69 70.3333 7.2301 0.00546375 4998.35 2454.68 9873.75 61.6529 29.6404 12.4035 6.17266 14.982 10.7778 9.80147e+006
0.000113229 0.0129307 4585.73 4293.66 70.3309 7.22918 0.00549984 4998.35 2453.58 9873.83 61.6509 29.6399 12.4045 6.1736 14.9852 10.7756 9.8014e+006
0.000110154 0.0129267 4584.26 4293.64 70.3317 7.22793 0.00550624 4998.32 2453.1 9874.23 61.6382 29.6392 12.4049 6.17332 14.9849 10.7783 9.80106e+006
0.000106906 0.0129268 4582.7 4293.44 70.3251 7.21539 0.00550641 4998.3 2454.95 9874.64 61.6236 29.6382 12.4053 6.17633 14.9841 10.7816 9.8004e+006
*end

Completed
