SPM (Spatial Population Model)
Call: spm -m -q -g 0 
Date: Fri Nov 20 02:45:21 2015
v1.1-2015-11-19 (rev. 1272). Copyright (c) 2008-2015, NIWA
User name: dunn
Machine name: NIWA-34286 (Windows_NT, PID=8364)

[MCMC]
report.type: MCMC
Original covariance matrix:
8.52032e-012 -1.3783e-010 -6.02926e-005 -4.39576e-006 -5.94828e-008 8.08075e-008 -3.52951e-011 -1.4823e-006 -4.30301e-005 1.54957e-005 -4.84993e-007 -3.12124e-008 3.67724e-007 2.0559e-007 -5.69837e-008 -1.08416e-007 -0.0154851
-1.3783e-010 8.53018e-007 0.0229461 -0.00210675 -5.28717e-005 -9.76617e-005 -9.5529e-009 0.00188066 -0.00183437 -0.00166818 0.00012758 9.29429e-006 -1.18939e-005 -1.06567e-005 7.17997e-006 5.99481e-006 -9.54269
-6.02926e-005 0.0229461 16957.3 2014.86 3.66415 2.79796 -0.0472008 164.08 814.546 -4810.05 157.317 7.82579 -2.21803 -2.31021 0.39884 3.7237 7.207e+006
-4.39576e-006 -0.00210675 2014.86 528.46 1.26684 -1.38146 -0.00443053 7.41419 -301.976 -636.836 19.5766 0.870174 0.268641 0.321372 -0.194854 -2.40881 999918
-5.94828e-008 -5.28717e-005 3.66415 1.26684 0.0765841 0.095875 -1.16988e-006 -0.0255707 -0.84274 -0.685326 0.0503793 0.00610271 -0.000389805 -0.000639968 0.000833002 0.0052623 1220.81
8.08075e-008 -9.76617e-005 2.79796 -1.38146 0.095875 0.217383 1.50416e-005 -0.0905625 -0.625415 -0.35247 0.0488994 0.00804086 0.00526476 0.0029894 0.00607656 -0.00821366 1408.07
-3.52951e-011 -9.5529e-009 -0.0472008 -0.00443053 -1.16988e-006 1.50416e-005 1.02328e-006 -0.000416701 -0.0163145 0.0146686 -0.000443628 -2.23461e-005 1.45012e-005 1.57547e-005 2.92806e-005 4.94201e-006 -20.655
-1.4823e-006 0.00188066 164.08 7.41419 -0.0255707 -0.0905625 -0.000416701 12.2713 275.178 -21.5928 1.11916 0.100776 -0.13702 -0.138364 0.172295 -0.318473 -51783.5
-4.30301e-005 -0.00183437 814.546 -301.976 -0.84274 -0.625415 -0.0163145 275.178 17321.7 335.551 0.825508 1.98126 -3.3142 -0.609205 -3.60024 3.46295 -2.80763e+006
1.54957e-005 -0.00166818 -4810.05 -636.836 -0.685326 -0.35247 0.0146686 -21.5928 335.551 1462.63 -45.6991 -2.13213 0.545272 0.492344 0.591573 -0.549127 -2.35625e+006
-4.84993e-007 0.00012758 157.317 19.5766 0.0503793 0.0488994 -0.000443628 1.11916 0.825508 -45.6991 1.48249 0.0729257 -0.0133037 -0.0140095 -0.00658112 0.0463018 71375.4
-3.12124e-008 9.29429e-006 7.82579 0.870174 0.00610271 0.00804086 -2.23461e-005 0.100776 1.98126 -2.13213 0.0729257 0.00417333 -0.00129879 -0.00123892 -0.000247092 0.00308661 2969.93
3.67724e-007 -1.18939e-005 -2.21803 0.268641 -0.000389805 0.00526476 1.45012e-005 -0.13702 -3.3142 0.545272 -0.0133037 -0.00129879 0.0289831 0.0208144 0.000118835 -0.00418315 454.278
2.0559e-007 -1.06567e-005 -2.31021 0.321372 -0.000639968 0.0029894 1.57547e-005 -0.138364 -0.609205 0.492344 -0.0140095 -0.00123892 0.0208144 0.0254152 0.000405167 -0.00239255 376.967
-5.69837e-008 7.17997e-006 0.39884 -0.194854 0.000833002 0.00607656 2.92806e-005 0.172295 -3.60024 0.591573 -0.00658112 -0.000247092 0.000118835 0.000405167 0.0287091 -0.0141539 -1689.58
-1.08416e-007 5.99481e-006 3.7237 -2.40881 0.0052623 -0.00821366 4.94201e-006 -0.318473 3.46295 -0.549127 0.0463018 0.00308661 -0.00418315 -0.00239255 -0.0141539 0.148768 4437.27
-0.0154851 -9.54269 7.207e+006 999918 1220.81 1408.07 -20.655 -51783.5 -2.80763e+006 -2.35625e+006 71375.4 2969.93 454.278 376.967 -1689.58 4437.27 4.517e+009
Proposal distribution covariance matrix:
9.99998e-007 -2.55115e-008 -0.0206555 -0.00150593 -2.03781e-005 2.76837e-005 -5.96472e-009 -0.000507817 -0.0147416 0.00530863 -0.000166152 -1.0693e-005 0.000125978 7.04326e-005 -1.95219e-005 -3.71421e-005 -5.305
-2.55115e-008 2.49001e-007 0.0123974 -0.00113824 -2.85657e-005 -5.2765e-005 -2.54601e-009 0.00101609 -0.000991077 -0.00090129 6.89295e-005 5.02155e-006 -6.42606e-006 -5.75765e-006 3.87922e-006 3.2389e-006 -5.15575
-0.0206555 0.0123974 16957.3 2014.86 3.66415 2.79796 -0.0232837 164.08 814.546 -3984.15 126.843 6.72993 -2.21803 -2.31021 0.39884 3.7237 7.00155e+006
-0.00150593 -0.00113824 2014.86 528.46 1.26684 -1.38146 -0.00218555 7.41419 -301.976 -636.836 19.5766 0.870174 0.268641 0.321372 -0.194854 -2.40881 999918
-2.03781e-005 -2.85657e-005 3.66415 1.26684 0.0765841 0.095875 -5.77094e-007 -0.0255707 -0.84274 -0.685326 0.0503793 0.00610271 -0.000389805 -0.000639968 0.000833002 0.0052623 1220.81
2.76837e-005 -5.2765e-005 2.79796 -1.38146 0.095875 0.217383 7.41988e-006 -0.0905625 -0.625415 -0.35247 0.0488994 0.00804086 0.00526476 0.0029894 0.00607656 -0.00821366 1408.07
-5.96472e-009 -2.54601e-009 -0.0232837 -0.00218555 -5.77094e-007 7.41988e-006 2.49001e-007 -0.000205555 -0.00804778 0.0072359 -0.000218838 -1.10231e-005 7.15331e-006 7.77167e-006 1.44439e-005 2.43785e-006 -10.1889
-0.000507817 0.00101609 164.08 7.41419 -0.0255707 -0.0905625 -0.000205555 12.2713 275.178 -21.5928 1.11916 0.100776 -0.13702 -0.138364 0.172295 -0.318473 -51783.5
-0.0147416 -0.000991077 814.546 -301.976 -0.84274 -0.625415 -0.00804778 275.178 17321.7 335.551 0.825508 1.98126 -3.3142 -0.609205 -3.60024 3.46295 -2.80763e+006
0.00530863 -0.00090129 -4810.05 -636.836 -0.685326 -0.35247 0.0072359 -21.5928 335.551 1462.63 -37.2523 -1.97651 0.545272 0.492344 0.591573 -0.549127 -2.05628e+006
-0.000166152 6.89295e-005 157.317 19.5766 0.0503793 0.0488994 -0.000218838 1.11916 0.825508 -45.6991 1.48249 0.0629256 -0.0133037 -0.0140095 -0.00658112 0.0463018 65465.3
-1.0693e-005 5.02155e-006 7.82579 0.870174 0.00610271 0.00804086 -1.10231e-005 0.100776 1.98126 -2.13213 0.0729257 0.00417333 -0.00129879 -0.00123892 -0.000247092 0.00308661 2969.93
0.000125978 -6.42606e-006 -2.21803 0.268641 -0.000389805 0.00526476 7.15331e-006 -0.13702 -3.3142 0.545272 -0.0133037 -0.00129879 0.0289831 0.0208144 0.000118835 -0.00418315 454.278
7.04326e-005 -5.75765e-006 -2.31021 0.321372 -0.000639968 0.0029894 7.77167e-006 -0.138364 -0.609205 0.492344 -0.0140095 -0.00123892 0.0208144 0.0254152 0.000405167 -0.00239255 376.967
-1.95219e-005 3.87922e-006 0.39884 -0.194854 0.000833002 0.00607656 1.44439e-005 0.172295 -3.60024 0.591573 -0.00658112 -0.000247092 0.000118835 0.000405167 0.0287091 -0.0141539 -1689.58
-3.71421e-005 3.2389e-006 3.7237 -2.40881 0.0052623 -0.00821366 2.43785e-006 -0.318473 3.46295 -0.549127 0.0463018 0.00308661 -0.00418315 -0.00239255 -0.0141539 0.148768 4437.27
-5.305 -5.15575 7.207e+006 999918 1220.81 1408.07 -10.1889 -51783.5 -2.80763e+006 -2.35625e+006 71375.4 2969.93 454.278 376.967 -1689.58 4437.27 4.517e+009
Cholesky decomposition matrix:
0.000999999 0 0 0 0 0 0 0 0 0 0 0 0 0 0 0 0
-2.55116e-005 0.000498347 0 0 0 0 0 0 0 0 0 0 0 0 0 0 0
-20.6555 23.8196 126.346 0 0 0 0 0 0 0 0 0 0 0 0 0 0
-1.50593 -2.36112 16.1461 16.122 0 0 0 0 0 0 0 0 0 0 0 0 0
-0.0203781 -0.058364 0.0366726 0.0313994 0.26539 0 0 0 0 0 0 0 0 0 0 0 0
0.0276837 -0.104463 0.046365 -0.144835 0.351143 0.243467 0 0 0 0 0 0 0 0 0 0 0
-5.96472e-006 -5.41426e-006 -0.00018424 4.76024e-005 1.60037e-005 6.91533e-005 0.000455727 0 0 0 0 0 0 0 0 0 0
-0.507817 2.01292 0.836149 -0.130153 0.207191 0.0139603 -0.0915443 2.68215 0 0 0 0 0 0 0 0 0
-14.7416 -2.74338 4.55414 -25.0703 -2.57387 -14.1387 -11.1891 99.118 79.3187 0 0 0 0 0 0 0 0
5.30864 -1.5368 -36.9128 -2.26215 2.85572 -1.14558 1.31576 5.33579 -0.0253608 4.97369 0 0 0 0 0 0 0
-0.166153 0.12981 1.19349 0.0224915 0.0380389 0.00666907 -0.00302415 -0.0856684 0.0316505 -0.03029 0.0484904 0 0 0 0 0 0
-0.010693 0.009529 0.0583947 -0.00411098 0.016687 0.000697845 -0.000869592 0.00867086 0.0083765 -0.00126131 0.00223614 0.0104741 0 0 0 0 0
0.125978 -0.00644564 0.00425526 0.0232247 0.00345114 0.0125623 0.0145357 -0.0224324 0.020937 0.036561 0.0250677 -0.0083845 0.0956854 0 0 0 0
0.0704327 -0.00794787 -0.00527182 0.0306284 -0.00164639 0.0224585 0.00920013 -0.0288329 0.0563959 0.0310671 0.0196839 -0.0175392 0.0751134 0.0867155 0 0 0
-0.0195219 0.00678479 -0.0013139 -0.0116002 0.00468591 0.0166804 0.0295041 0.0558544 -0.114883 0.0596859 0.0237624 -0.00529604 0.0321714 0.0553778 0.0489923 0 0
-0.0371422 0.00459788 0.0225333 -0.174774 0.0355523 -0.187077 0.0594223 -0.144471 0.137103 0.0948665 0.0578232 0.0281539 -0.0516357 -0.0249726 0.0871558 0.113269 0
-5305 -10617.3 58176.1 1708.3 -6383.35 974.984 863.921 -29878.7 -2124.83 -3118.06 1096.25 123.803 2361.33 446.076 -3100.51 2133.46 4262.87
MCMC objective function values:
iteration score penalty prior likelihood acceptance_rate acceptance_rate_since_adapt stepsize
0 4625.47 0 0 4625.47 0 0 0.582086
1 4625.47 0 0 5075.03 0 0 0.582086
2 4625.47 0 0 7266.39 0 0 0.582086
3 4625.47 0 0 10204.7 0 0 0.582086
4 4625.47 0 0 7220.86 0 0 0.582086
5 4625.47 0 0 9176.63 0 0 0.582086
6 4625.47 0 0 6215.36 0 0 0.582086
7 4625.47 0 0 14457.3 0 0 0.582086
8 4625.47 0 0 5474.77 0 0 0.582086
9 4625.47 0 0 6258.09 0 0 0.582086
10 4625.47 0 0 8750.47 0 0 0.582086
11 4625.47 0 0 5184.21 0 0 0.582086
12 4625.47 0 0 4633.17 0 0 0.582086
13 4625.47 0 0 11122.3 0 0 0.582086
14 4625.47 0 0 11800.6 0 0 0.582086
15 4625.47 0 0 4705.2 0 0 0.582086
16 4625.47 0 0 7841.92 0 0 0.582086
17 4625.47 0 0 8872.11 0 0 0.582086
18 4625.47 0 0 5794.63 0 0 0.582086
19 4625.47 0 0 23439 0 0 0.582086
20 4625.47 0 0 5567.91 0 0 0.582086
21 4625.47 0 0 30838 0 0 0.582086
22 4625.47 0 0 9709.96 0 0 0.582086
23 4625.47 0 0 11261.6 0 0 0.582086
24 4625.47 0 0 20914 0 0 0.582086
25 4625.47 0 0 11345.8 0 0 0.582086
26 4625.47 0 0 35392.6 0 0 0.582086
27 4625.47 0 0 9188.84 0 0 0.582086
28 4625.47 0 0 7692.8 0 0 0.582086
29 4625.47 0 0 5036.2 0 0 0.582086
30 4625.47 0 0 13185.4 0 0 0.582086
31 4625.47 0 0 5379.3 0 0 0.582086
32 4625.47 0 0 5961.71 0 0 0.582086
33 4625.47 0 0 15125.7 0 0 0.582086
34 4625.47 0 0 9898.82 0 0 0.582086
35 4625.47 0 0 13013.9 0 0 0.582086
36 4625.47 0 0 4870.85 0 0 0.582086
37 4625.47 0 0 11084.4 0 0 0.582086
38 4625.47 0 0 11820.5 0 0 0.582086
39 4625.47 0 0 10886 0 0 0.582086
40 4625.47 0 0 5770.87 0 0 0.582086
41 4625.47 0 0 5410.53 0 0 0.582086
42 4625.47 0 0 18916.9 0 0 0.582086
43 4625.47 0 0 5747 0 0 0.582086
44 4625.47 0 0 10576.9 0 0 0.582086
45 4625.47 0 0 7117.63 0 0 0.582086
46 4625.47 0 0 6981.47 0 0 0.582086
47 4625.47 0 0 4921.19 0 0 0.582086
48 4625.47 0 0 8052.34 0 0 0.582086
49 4625.47 0 0 9887.15 0 0 0.582086
50 4625.47 0 0 5489.27 0 0 0.582086
51 4625.47 0 0 15919 0 0 0.582086
52 4625.47 0 0 5666.48 0 0 0.582086
53 4625.47 0 0 10353.8 0 0 0.582086
54 4625.47 0 0 4861.66 0 0 0.582086
55 4625.47 0 0 10679.8 0 0 0.582086
56 4625.47 0 0 7324.49 0 0 0.582086
57 4625.47 0 0 4984.73 0 0 0.582086
58 4625.47 0 0 10112.1 0 0 0.582086
59 4625.47 0 0 4724.05 0 0 0.582086
60 4625.47 0 0 19448.1 0 0 0.582086
MCMC samples:
catchability[CPUEq].q preference_function[ImmatureDistance].lambda preference_function[ImmatureDepth].a50 preference_function[ImmatureDepth].ato95 preference_function[ImmatureLatitude].a50 preference_function[ImmatureLatitude].ato95 preference_function[MatureDistance].lambda preference_function[MatureDepth].mu preference_function[MatureDepth].sigma_l preference_function[MatureDepth].sigma_r preference_function[MatureLatitude].a50 preference_function[MatureLatitude].ato95 selectivity[FishingSel].a50 selectivity[FishingSel].ato95 selectivity[Maturation].a50 selectivity[Maturation].ato95 process[BHrecruitment].r0
0.000110781 0.0129189 4535.66 4290.64 70.4152 7.42919 0.00650572 4997.67 2399.27 9893.19 61.2363 29.6216 12.429 6.19441 15.102 10.8866 9.77283e+006
0.000110781 0.0129189 4535.66 4290.64 70.4152 7.42919 0.00650572 4997.67 2399.27 9893.19 61.2363 29.6216 12.429 6.19441 15.102 10.8866 9.77283e+006
0.000110781 0.0129189 4535.66 4290.64 70.4152 7.42919 0.00650572 4997.67 2399.27 9893.19 61.2363 29.6216 12.429 6.19441 15.102 10.8866 9.77283e+006
0.000110781 0.0129189 4535.66 4290.64 70.4152 7.42919 0.00650572 4997.67 2399.27 9893.19 61.2363 29.6216 12.429 6.19441 15.102 10.8866 9.77283e+006
0.000110781 0.0129189 4535.66 4290.64 70.4152 7.42919 0.00650572 4997.67 2399.27 9893.19 61.2363 29.6216 12.429 6.19441 15.102 10.8866 9.77283e+006
0.000110781 0.0129189 4535.66 4290.64 70.4152 7.42919 0.00650572 4997.67 2399.27 9893.19 61.2363 29.6216 12.429 6.19441 15.102 10.8866 9.77283e+006
0.000110781 0.0129189 4535.66 4290.64 70.4152 7.42919 0.00650572 4997.67 2399.27 9893.19 61.2363 29.6216 12.429 6.19441 15.102 10.8866 9.77283e+006
0.000110781 0.0129189 4535.66 4290.64 70.4152 7.42919 0.00650572 4997.67 2399.27 9893.19 61.2363 29.6216 12.429 6.19441 15.102 10.8866 9.77283e+006
0.000110781 0.0129189 4535.66 4290.64 70.4152 7.42919 0.00650572 4997.67 2399.27 9893.19 61.2363 29.6216 12.429 6.19441 15.102 10.8866 9.77283e+006
0.000110781 0.0129189 4535.66 4290.64 70.4152 7.42919 0.00650572 4997.67 2399.27 9893.19 61.2363 29.6216 12.429 6.19441 15.102 10.8866 9.77283e+006
0.000110781 0.0129189 4535.66 4290.64 70.4152 7.42919 0.00650572 4997.67 2399.27 9893.19 61.2363 29.6216 12.429 6.19441 15.102 10.8866 9.77283e+006
0.000110781 0.0129189 4535.66 4290.64 70.4152 7.42919 0.00650572 4997.67 2399.27 9893.19 61.2363 29.6216 12.429 6.19441 15.102 10.8866 9.77283e+006
0.000110781 0.0129189 4535.66 4290.64 70.4152 7.42919 0.00650572 4997.67 2399.27 9893.19 61.2363 29.6216 12.429 6.19441 15.102 10.8866 9.77283e+006
0.000110781 0.0129189 4535.66 4290.64 70.4152 7.42919 0.00650572 4997.67 2399.27 9893.19 61.2363 29.6216 12.429 6.19441 15.102 10.8866 9.77283e+006
0.000110781 0.0129189 4535.66 4290.64 70.4152 7.42919 0.00650572 4997.67 2399.27 9893.19 61.2363 29.6216 12.429 6.19441 15.102 10.8866 9.77283e+006
0.000110781 0.0129189 4535.66 4290.64 70.4152 7.42919 0.00650572 4997.67 2399.27 9893.19 61.2363 29.6216 12.429 6.19441 15.102 10.8866 9.77283e+006
0.000110781 0.0129189 4535.66 4290.64 70.4152 7.42919 0.00650572 4997.67 2399.27 9893.19 61.2363 29.6216 12.429 6.19441 15.102 10.8866 9.77283e+006
0.000110781 0.0129189 4535.66 4290.64 70.4152 7.42919 0.00650572 4997.67 2399.27 9893.19 61.2363 29.6216 12.429 6.19441 15.102 10.8866 9.77283e+006
0.000110781 0.0129189 4535.66 4290.64 70.4152 7.42919 0.00650572 4997.67 2399.27 9893.19 61.2363 29.6216 12.429 6.19441 15.102 10.8866 9.77283e+006
0.000110781 0.0129189 4535.66 4290.64 70.4152 7.42919 0.00650572 4997.67 2399.27 9893.19 61.2363 29.6216 12.429 6.19441 15.102 10.8866 9.77283e+006
0.000110781 0.0129189 4535.66 4290.64 70.4152 7.42919 0.00650572 4997.67 2399.27 9893.19 61.2363 29.6216 12.429 6.19441 15.102 10.8866 9.77283e+006
0.000110781 0.0129189 4535.66 4290.64 70.4152 7.42919 0.00650572 4997.67 2399.27 9893.19 61.2363 29.6216 12.429 6.19441 15.102 10.8866 9.77283e+006
0.000110781 0.0129189 4535.66 4290.64 70.4152 7.42919 0.00650572 4997.67 2399.27 9893.19 61.2363 29.6216 12.429 6.19441 15.102 10.8866 9.77283e+006
0.000110781 0.0129189 4535.66 4290.64 70.4152 7.42919 0.00650572 4997.67 2399.27 9893.19 61.2363 29.6216 12.429 6.19441 15.102 10.8866 9.77283e+006
0.000110781 0.0129189 4535.66 4290.64 70.4152 7.42919 0.00650572 4997.67 2399.27 9893.19 61.2363 29.6216 12.429 6.19441 15.102 10.8866 9.77283e+006
0.000110781 0.0129189 4535.66 4290.64 70.4152 7.42919 0.00650572 4997.67 2399.27 9893.19 61.2363 29.6216 12.429 6.19441 15.102 10.8866 9.77283e+006
0.000110781 0.0129189 4535.66 4290.64 70.4152 7.42919 0.00650572 4997.67 2399.27 9893.19 61.2363 29.6216 12.429 6.19441 15.102 10.8866 9.77283e+006
0.000110781 0.0129189 4535.66 4290.64 70.4152 7.42919 0.00650572 4997.67 2399.27 9893.19 61.2363 29.6216 12.429 6.19441 15.102 10.8866 9.77283e+006
0.000110781 0.0129189 4535.66 4290.64 70.4152 7.42919 0.00650572 4997.67 2399.27 9893.19 61.2363 29.6216 12.429 6.19441 15.102 10.8866 9.77283e+006
0.000110781 0.0129189 4535.66 4290.64 70.4152 7.42919 0.00650572 4997.67 2399.27 9893.19 61.2363 29.6216 12.429 6.19441 15.102 10.8866 9.77283e+006
0.000110781 0.0129189 4535.66 4290.64 70.4152 7.42919 0.00650572 4997.67 2399.27 9893.19 61.2363 29.6216 12.429 6.19441 15.102 10.8866 9.77283e+006
0.000110781 0.0129189 4535.66 4290.64 70.4152 7.42919 0.00650572 4997.67 2399.27 9893.19 61.2363 29.6216 12.429 6.19441 15.102 10.8866 9.77283e+006
0.000110781 0.0129189 4535.66 4290.64 70.4152 7.42919 0.00650572 4997.67 2399.27 9893.19 61.2363 29.6216 12.429 6.19441 15.102 10.8866 9.77283e+006
0.000110781 0.0129189 4535.66 4290.64 70.4152 7.42919 0.00650572 4997.67 2399.27 9893.19 61.2363 29.6216 12.429 6.19441 15.102 10.8866 9.77283e+006
0.000110781 0.0129189 4535.66 4290.64 70.4152 7.42919 0.00650572 4997.67 2399.27 9893.19 61.2363 29.6216 12.429 6.19441 15.102 10.8866 9.77283e+006
0.000110781 0.0129189 4535.66 4290.64 70.4152 7.42919 0.00650572 4997.67 2399.27 9893.19 61.2363 29.6216 12.429 6.19441 15.102 10.8866 9.77283e+006
0.000110781 0.0129189 4535.66 4290.64 70.4152 7.42919 0.00650572 4997.67 2399.27 9893.19 61.2363 29.6216 12.429 6.19441 15.102 10.8866 9.77283e+006
0.000110781 0.0129189 4535.66 4290.64 70.4152 7.42919 0.00650572 4997.67 2399.27 9893.19 61.2363 29.6216 12.429 6.19441 15.102 10.8866 9.77283e+006
0.000110781 0.0129189 4535.66 4290.64 70.4152 7.42919 0.00650572 4997.67 2399.27 9893.19 61.2363 29.6216 12.429 6.19441 15.102 10.8866 9.77283e+006
0.000110781 0.0129189 4535.66 4290.64 70.4152 7.42919 0.00650572 4997.67 2399.27 9893.19 61.2363 29.6216 12.429 6.19441 15.102 10.8866 9.77283e+006
0.000110781 0.0129189 4535.66 4290.64 70.4152 7.42919 0.00650572 4997.67 2399.27 9893.19 61.2363 29.6216 12.429 6.19441 15.102 10.8866 9.77283e+006
0.000110781 0.0129189 4535.66 4290.64 70.4152 7.42919 0.00650572 4997.67 2399.27 9893.19 61.2363 29.6216 12.429 6.19441 15.102 10.8866 9.77283e+006
0.000110781 0.0129189 4535.66 4290.64 70.4152 7.42919 0.00650572 4997.67 2399.27 9893.19 61.2363 29.6216 12.429 6.19441 15.102 10.8866 9.77283e+006
0.000110781 0.0129189 4535.66 4290.64 70.4152 7.42919 0.00650572 4997.67 2399.27 9893.19 61.2363 29.6216 12.429 6.19441 15.102 10.8866 9.77283e+006
0.000110781 0.0129189 4535.66 4290.64 70.4152 7.42919 0.00650572 4997.67 2399.27 9893.19 61.2363 29.6216 12.429 6.19441 15.102 10.8866 9.77283e+006
0.000110781 0.0129189 4535.66 4290.64 70.4152 7.42919 0.00650572 4997.67 2399.27 9893.19 61.2363 29.6216 12.429 6.19441 15.102 10.8866 9.77283e+006
0.000110781 0.0129189 4535.66 4290.64 70.4152 7.42919 0.00650572 4997.67 2399.27 9893.19 61.2363 29.6216 12.429 6.19441 15.102 10.8866 9.77283e+006
0.000110781 0.0129189 4535.66 4290.64 70.4152 7.42919 0.00650572 4997.67 2399.27 9893.19 61.2363 29.6216 12.429 6.19441 15.102 10.8866 9.77283e+006
0.000110781 0.0129189 4535.66 4290.64 70.4152 7.42919 0.00650572 4997.67 2399.27 9893.19 61.2363 29.6216 12.429 6.19441 15.102 10.8866 9.77283e+006
0.000110781 0.0129189 4535.66 4290.64 70.4152 7.42919 0.00650572 4997.67 2399.27 9893.19 61.2363 29.6216 12.429 6.19441 15.102 10.8866 9.77283e+006
0.000110781 0.0129189 4535.66 4290.64 70.4152 7.42919 0.00650572 4997.67 2399.27 9893.19 61.2363 29.6216 12.429 6.19441 15.102 10.8866 9.77283e+006
0.000110781 0.0129189 4535.66 4290.64 70.4152 7.42919 0.00650572 4997.67 2399.27 9893.19 61.2363 29.6216 12.429 6.19441 15.102 10.8866 9.77283e+006
0.000110781 0.0129189 4535.66 4290.64 70.4152 7.42919 0.00650572 4997.67 2399.27 9893.19 61.2363 29.6216 12.429 6.19441 15.102 10.8866 9.77283e+006
0.000110781 0.0129189 4535.66 4290.64 70.4152 7.42919 0.00650572 4997.67 2399.27 9893.19 61.2363 29.6216 12.429 6.19441 15.102 10.8866 9.77283e+006
0.000110781 0.0129189 4535.66 4290.64 70.4152 7.42919 0.00650572 4997.67 2399.27 9893.19 61.2363 29.6216 12.429 6.19441 15.102 10.8866 9.77283e+006
0.000110781 0.0129189 4535.66 4290.64 70.4152 7.42919 0.00650572 4997.67 2399.27 9893.19 61.2363 29.6216 12.429 6.19441 15.102 10.8866 9.77283e+006
0.000110781 0.0129189 4535.66 4290.64 70.4152 7.42919 0.00650572 4997.67 2399.27 9893.19 61.2363 29.6216 12.429 6.19441 15.102 10.8866 9.77283e+006
0.000110781 0.0129189 4535.66 4290.64 70.4152 7.42919 0.00650572 4997.67 2399.27 9893.19 61.2363 29.6216 12.429 6.19441 15.102 10.8866 9.77283e+006
0.000110781 0.0129189 4535.66 4290.64 70.4152 7.42919 0.00650572 4997.67 2399.27 9893.19 61.2363 29.6216 12.429 6.19441 15.102 10.8866 9.77283e+006
0.000110781 0.0129189 4535.66 4290.64 70.4152 7.42919 0.00650572 4997.67 2399.27 9893.19 61.2363 29.6216 12.429 6.19441 15.102 10.8866 9.77283e+006
0.000110781 0.0129189 4535.66 4290.64 70.4152 7.42919 0.00650572 4997.67 2399.27 9893.19 61.2363 29.6216 12.429 6.19441 15.102 10.8866 9.77283e+006
*end

Completed
