SPM (Spatial Population Model)
Call: spm -m -q -g 0 
Date: Sun Aug 03 00:09:44 2014
v1.1-2014-08-02 (rev. 1170). Copyright (c) 2008-2014, NIWA
User name: dunn
Machine name: NIWA-34286 (Windows_NT, PID=6180)

[MCMC]
report.type: MCMC
Original covariance matrix:
8.22513e-012 5.13626e-011 1.15299e-007 6.17344e-006 -7.75231e-008 -1.57106e-008 -1.17303e-010 1.55041e-012 -4.95533e-005 -1.12867e-006 5.35758e-010 1.22041e-008 3.16179e-007 1.97681e-007 -5.84734e-008 5.49233e-009 4.04784e-005
5.13626e-011 7.87004e-007 -0.00144517 -0.00862227 -4.19228e-005 -0.000128773 -7.30399e-008 -7.91638e-010 0.00748051 0.00454537 -1.52971e-006 -3.37661e-005 -1.13272e-005 -4.84013e-006 -1.53285e-005 -1.24607e-005 -0.0734346
1.15299e-007 -0.00144517 158.498 350.894 -0.17784 0.185566 -0.00223429 -8.06712e-005 54.8263 -276.817 0.0998483 0.901879 -0.0864292 0.0311387 -0.225974 -1.03755 1142.46
6.17344e-006 -0.00862227 350.894 999.026 -0.621676 -1.1659 -0.00389559 -0.00012148 -1034.57 -682.371 0.240537 2.58709 0.394739 0.741797 -1.44436 -1.3784 4137.93
-7.75231e-008 -4.19228e-005 -0.17784 -0.621676 0.0736349 0.0972067 3.54794e-005 -2.48766e-008 -3.48224 0.46106 -6.19574e-005 0.00233867 0.00015575 0.00038069 0.00184048 0.000169154 -4.0651
-1.57106e-008 -0.000128773 0.185566 -1.1659 0.0972067 0.211746 6.53711e-005 2.21779e-008 -2.36948 0.0272056 0.000159557 0.00543524 0.00337532 -0.000514746 0.0178054 -0.0136308 -3.19156
-1.17303e-010 -7.30399e-008 -0.00223429 -0.00389559 3.54794e-005 6.53711e-005 1.38293e-006 1.30108e-009 -0.02169 0.00395099 -1.25758e-006 -1.52253e-006 2.57098e-005 1.56428e-005 2.12617e-005 8.59114e-005 0.00714383
1.55041e-012 -7.91638e-010 -8.06712e-005 -0.00012148 -2.48766e-008 2.21779e-008 1.30108e-009 7.81805e-009 -0.000351178 0.000116695 -4.83943e-008 -1.0269e-007 1.61416e-007 9.20637e-008 -1.30927e-007 4.67561e-007 0.0013681
-4.95533e-005 0.00748051 54.8263 -1034.57 -3.48224 -2.36948 -0.02169 -0.000351178 15964.1 241.833 -0.0592216 -2.94029 -2.96665 -1.02417 -1.77443 0.684236 -9165.71
-1.12867e-006 0.00454537 -276.817 -682.371 0.46106 0.0272056 0.00395099 0.000116695 241.833 513.293 -0.182523 -1.77118 0.0542907 -0.170775 0.676433 1.70554 -2540.72
5.35758e-010 -1.52971e-006 0.0998483 0.240537 -6.19574e-005 0.000159557 -1.25758e-006 -4.83943e-008 -0.0592216 -0.182523 6.54535e-005 0.000631239 9.59719e-007 7.70805e-005 -0.000211692 -0.000554412 0.869963
1.22041e-008 -3.37661e-005 0.901879 2.58709 0.00233867 0.00543524 -1.52253e-006 -1.0269e-007 -2.94029 -1.77118 0.000631239 0.00741318 0.00137315 0.00203726 -0.00379029 0.000229981 11.8774
3.16179e-007 -1.13272e-005 -0.0864292 0.394739 0.00015575 0.00337532 2.57098e-005 1.61416e-007 -2.96665 0.0542907 9.59719e-007 0.00137315 0.024873 0.0188228 0.00024415 -0.00193182 3.67424
1.97681e-007 -4.84013e-006 0.0311387 0.741797 0.00038069 -0.000514746 1.56428e-005 9.20637e-008 -1.02417 -0.170775 7.70805e-005 0.00203726 0.0188228 0.023451 0.000116576 0.000398678 4.59366
-5.84734e-008 -1.53285e-005 -0.225974 -1.44436 0.00184048 0.0178054 2.12617e-005 -1.30927e-007 -1.77443 0.676433 -0.000211692 -0.00379029 0.00024415 0.000116576 0.0282992 -0.0157181 -7.88488
5.49233e-009 -1.24607e-005 -1.03755 -1.3784 0.000169154 -0.0136308 8.59114e-005 4.67561e-007 0.684236 1.70554 -0.000554412 0.000229981 -0.00193182 0.000398678 -0.0157181 0.113964 5.97886
4.04784e-005 -0.0734346 1142.46 4137.93 -4.0651 -3.19156 0.00714383 0.0013681 -9165.71 -2540.72 0.869963 11.8774 3.67424 4.59366 -7.88488 5.97886 25513.6
Proposal distribution covariance matrix:
9.99998e-007 1.00737e-008 4.02025e-005 0.00215256 -2.70308e-005 -5.47798e-006 -1.73554e-008 0.000299586 -0.0172783 -0.000393544 4.61806e-006 4.25534e-006 0.000110246 6.89275e-005 -2.03886e-005 1.91507e-006 0.0141141
1.00737e-008 2.49001e-007 -0.000812889 -0.00484991 -2.3581e-005 -7.24333e-005 -1.7433e-008 -0.000246766 0.00420769 0.00255671 -2.12709e-005 -1.8993e-005 -6.37142e-006 -2.72251e-006 -8.62209e-006 -7.00899e-006 -0.041306
4.02025e-005 -0.000812889 158.498 318.34 -0.17784 0.185566 -0.000948066 -44.7059 54.8263 -228.184 2.01434 0.867171 -0.0864292 0.0311387 -0.225974 -1.03755 1142.46
0.00215256 -0.00484991 350.894 999.026 -0.621676 -1.1659 -0.001653 -67.3211 -1034.57 -572.877 5.05718 2.17711 0.394739 0.741797 -1.44436 -1.3784 4038.91
-2.70308e-005 -2.3581e-005 -0.17784 -0.621676 0.0736349 0.0972067 1.50549e-005 -0.013786 -3.48224 0.46106 -0.00153164 0.00233867 0.00015575 0.00038069 0.00184048 0.000169154 -4.0651
-5.47798e-006 -7.24333e-005 0.185566 -1.1659 0.0972067 0.211746 2.77386e-005 0.0122904 -2.36948 0.0272056 0.00394437 0.00543524 0.00337532 -0.000514746 0.0178054 -0.0136308 -3.19156
-1.73554e-008 -1.7433e-008 -0.000948066 -0.001653 1.50549e-005 2.77386e-005 2.49001e-007 0.000305949 -0.00920365 0.00167651 -1.31916e-005 -6.46048e-007 1.09093e-005 6.63765e-006 9.02188e-006 3.64544e-005 0.00303132
0.000299586 -0.000246766 -44.7059 -67.3211 -0.013786 0.0122904 0.000305949 2401 -194.614 64.6692 -0.662986 -0.0569081 0.0894529 0.0510194 -0.0725564 0.259111 758.165
-0.0172783 0.00420769 54.8263 -1034.57 -3.48224 -2.36948 -0.00920365 -194.614 15964.1 241.833 -1.46401 -2.94029 -2.96665 -1.02417 -1.77443 0.684236 -9165.71
-0.000393544 0.00255671 -276.817 -682.371 0.46106 0.0272056 0.00167651 64.6692 241.833 513.293 -3.62496 -1.56054 0.0542907 -0.170775 0.676433 1.70554 -2540.72
4.61806e-006 -2.12709e-005 2.46834 5.94629 -0.00153164 0.00394437 -1.31916e-005 -0.662986 -1.46401 -4.51213 0.04 0.013776 2.37251e-005 0.0019055 -0.0052332 -0.0137055 21.5062
4.25534e-006 -1.8993e-005 0.901879 2.58709 0.00233867 0.00543524 -6.46048e-007 -0.0569081 -2.94029 -1.77118 0.0156048 0.00741318 0.00137315 0.00203726 -0.00379029 0.000229981 11.0022
0.000110246 -6.37142e-006 -0.0864292 0.394739 0.00015575 0.00337532 1.09093e-005 0.0894529 -2.96665 0.0542907 2.37251e-005 0.00137315 0.024873 0.0188228 0.00024415 -0.00193182 3.67424
6.89275e-005 -2.72251e-006 0.0311387 0.741797 0.00038069 -0.000514746 6.63765e-006 0.0510194 -1.02417 -0.170775 0.0019055 0.00203726 0.0188228 0.023451 0.000116576 0.000398678 4.59366
-2.03886e-005 -8.62209e-006 -0.225974 -1.44436 0.00184048 0.0178054 9.02188e-006 -0.0725564 -1.77443 0.676433 -0.0052332 -0.00379029 0.00024415 0.000116576 0.0282992 -0.0157181 -7.88488
1.91507e-006 -7.00899e-006 -1.03755 -1.3784 0.000169154 -0.0136308 3.64544e-005 0.259111 0.684236 1.70554 -0.0137055 0.000229981 -0.00193182 0.000398678 -0.0157181 0.113964 5.97886
0.0141141 -0.041306 1142.46 4137.93 -4.0651 -3.19156 0.00303132 758.165 -9165.71 -2540.72 21.5062 11.8774 3.67424 4.59366 -7.88488 5.97886 25513.6
Cholesky decomposition matrix:
0.000999999 0 0 0 0 0 0 0 0 0 0 0 0 0 0 0 0
1.00737e-005 0.000498898 0 0 0 0 0 0 0 0 0 0 0 0 0 0 0
0.0402026 -1.63018 12.4836 0 0 0 0 0 0 0 0 0 0 0 0 0 0
2.15256 -9.7647 26.8264 13.3936 0 0 0 0 0 0 0 0 0 0 0 0 0
-0.0270308 -0.0467203 -0.0202599 -0.0355544 0.262768 0 0 0 0 0 0 0 0 0 0 0 0
-0.00547799 -0.145076 -0.00406246 -0.183801 0.318393 0.235576 0 0 0 0 0 0 0 0 0 0 0
-1.73554e-005 -3.45925e-005 -8.04066e-005 1.52009e-005 4.52147e-005 4.54048e-005 0.000486519 0 0 0 0 0 0 0 0 0 0
0.299586 -0.500671 -3.64753 1.86621 -0.139385 1.33235 -0.168579 48.8062 0 0 0 0 0 0 0 0 0
-17.2783 8.78284 5.59444 -79.2687 -23.7623 -34.6857 -10.0625 0.502048 86.0486 0 0 0 0 0 0 0 0
-0.393545 5.13266 -21.503 -4.07334 0.417658 -0.846194 0.410465 -0.0454746 -0.324361 2.5799 0 0 0 0 0 0 0
0.00461807 -0.042729 0.192132 0.0272444 0.00554907 0.00760697 -0.000310998 -0.000926376 0.00544893 -0.0165254 0.0101722 0 0 0 0 0 0
0.00425534 -0.0381557 0.067249 0.0299624 0.0117929 0.00827162 0.00442106 0.00211978 0.000903763 -0.00190421 0.0055393 0.0158864 0 0 0 0 0
0.110246 -0.014997 -0.00923689 0.0193211 0.0111693 0.00747538 0.0214238 -0.000525021 0.0161967 0.0204773 0.0255184 -0.00189424 0.100295 0 0 0 0
0.0689276 -0.00684881 0.00137804 0.0365535 0.0123738 0.00701968 0.0128956 -0.000854474 0.0439807 0.0309068 0.0183 -0.0029417 0.0811845 0.0843898 0 0 0
-0.0203886 -0.0168706 -0.0202391 -0.0763254 -0.00998064 0.0183088 0.0148756 -0.000605561 -0.0856219 -0.00207182 0.0452808 -0.0613669 0.0332991 0.0491062 0.063524 0 0
0.00191507 -0.0140876 -0.0849594 0.0566741 -0.000546152 -0.0230014 0.0603812 -0.00252889 0.0651596 0.0618509 0.130213 0.187101 -0.106099 -0.00465996 0.019838 0.165663 0
14.1141 -83.0794 80.6225 84.63 -11.1228 18.0704 10.8545 16.897 -17.1005 -7.63261 0.551958 36.8623 2.35623 7.43539 -18.6875 11.4961 40.5503
MCMC objective function values:
iteration score penalty prior likelihood acceptance_rate acceptance_rate_since_adapt stepsize
0 4623.89 0 0 4623.89 0 0 0.582086
1 4625.46 0 0 4625.46 0.000701754 0.000701754 0.582086
2 4625.6 0 0 4625.6 0.00140252 1 0.001702
3 4625.46 0 0 4625.46 0.00210084 0.666667 0.001702
4 4625.47 0 0 4625.47 0.0027972 0.6 0.001702
5 4625.65 0 0 4625.65 0.00349406 0.666667 0.001702
6 4625.79 0 0 4625.79 0.00418994 1 0.00472779
7 4626.1 0 0 4626.1 0.00488486 1 0.00472779
8 4625.6 0 0 4625.6 0.00556715 0.5 0.00472779
9 4625.8 0 0 4625.8 0.00625869 0.571429 0.00472779
10 4626.62 0 0 4626.62 0.00693963 0.5 0.00472779
11 4627.03 0 0 4627.03 0.00762301 0.5 0.00984956
12 4626.13 0 0 4626.13 0.00831025 0.666667 0.00984956
13 4625.59 0 0 4625.59 0.0089717 0.375 0.00984956
14 4625.72 0 0 4625.72 0.00964852 0.4 0.00984956
15 4625.52 0 0 4625.52 0.010274 0.263158 0.00984956
16 4626.48 0 0 4626.48 0.0109364 0.272727 0.00984956
17 4626.38 0 0 4626.38 0.0115332 0.212121 0.00984956
18 4625.6 0 0 4625.6 0.0121951 0.228571 0.00984956
19 4625.67 0 0 4625.67 0.0128119 0.214286 0.00984956
20 4625.67 0 0 4625.67 0.0132363 0.142857 0.00984956
21 4628.92 0 0 4628.92 0.0138522 0.146667 0.00984956
22 4626.22 0 0 4626.22 0.0144832 0.153846 0.00984956
23 4627.51 0 0 4627.51 0.0151018 0.158537 0.00984956
24 4625.8 0 0 4625.8 0.015748 0.168675 0.00984956
25 4626.2 0 0 4626.2 0.0163827 0.176471 0.00984956
26 4626.33 0 0 4626.33 0.0169824 0.177778 0.00984956
27 4626.2 0 0 4626.2 0.017601 0.182796 0.00984956
28 4626.49 0 0 4626.49 0.0181582 0.178218 0.00984956
29 4625.69 0 0 4625.69 0.0187946 0.186275 0.00984956
30 4627.85 0 0 4627.85 0.0193924 0.188679 0.00984956
31 4626.26 0 0 4626.26 0.0199485 0.185841 0.00984956
32 4626.14 0 0 4626.14 0.020526 0.186441 0.00984956
33 4626.38 0 0 4626.38 0.020979 0.174242 0.00984956
34 4626.49 0 0 4626.49 0.0215463 0.175182 0.00984956
35 4627.79 0 0 4627.79 0.0221659 0.181159 0.00984956
36 4626.54 0 0 4626.54 0.0227704 0.185714 0.00984956
37 4626.09 0 0 4626.09 0.0233291 0.186207 0.00984956
38 4625.97 0 0 4625.97 0.0238994 0.187919 0.00984956
39 4626.03 0 0 4626.03 0.0245129 0.193333 0.00984956
40 4626.65 0 0 4626.65 0.0248447 0.177515 0.00984956
41 4626.79 0 0 4626.79 0.025387 0.178161 0.00984956
42 4626.23 0 0 4626.23 0.025958 0.180791 0.00984956
43 4627.38 0 0 4627.38 0.0265105 0.18232 0.00984956
44 4626.09 0 0 4626.09 0.0270936 0.185792 0.00984956
45 4626.39 0 0 4626.39 0.0275061 0.179487 0.00984956
46 4626.08 0 0 4626.08 0.028083 0.182741 0.00984956
47 4626.01 0 0 4626.01 0.028676 0.186869 0.00984956
48 4627.25 0 0 4627.25 0.0292505 0.19 0.00984956
49 4628.6 0 0 4628.6 0.029697 0.186603 0.00984956
50 4626.83 0 0 4626.83 0.0302847 0.190476 0.00984956
51 4625.91 0 0 4625.91 0.0308717 0.194313 0.00984956
52 4626.41 0 0 4626.41 0.0314199 0.196262 0.00984956
53 4626.21 0 0 4626.21 0.0319277 0.196347 0.00984956
54 4626.58 0 0 4626.58 0.0325105 0.2 0.00984956
55 4626.28 0 0 4626.28 0.0330529 0.201794 0.00984956
56 4626.47 0 0 4626.47 0.0334528 0.197425 0.00984956
57 4626.72 0 0 4626.72 0.0339488 0.197479 0.00984956
58 4626.22 0 0 4626.22 0.0344214 0.196721 0.00984956
59 4629.41 0 0 4629.41 0.0349733 0.199187 0.00984956
60 4627.19 0 0 4627.19 0.035545 0.202429 0.00984956
MCMC samples:
catchability[CPUEq].q preference_function[ImmatureDistance].lambda preference_function[ImmatureDepth].a50 preference_function[ImmatureDepth].ato95 preference_function[ImmatureLatitude].a50 preference_function[ImmatureLatitude].ato95 preference_function[MatureDistance].lambda preference_function[MatureDepth].mu preference_function[MatureDepth].sigma_l preference_function[MatureDepth].sigma_r preference_function[MatureLatitude].a50 preference_function[MatureLatitude].ato95 selectivity[FishingSel].a50 selectivity[FishingSel].ato95 selectivity[Maturation].a50 selectivity[Maturation].ato95 process[BHrecruitment].r0
0.000108075 0.0132716 4960.68 4691.91 70.6398 7.54748 0.00663413 5000 2444.51 9987.7 60 29.6183 12.4191 6.18929 15.1194 10.8997 9.99998e+006
0.000107098 0.0132235 4963.81 4689.15 70.8165 7.89767 0.00654696 4993.6 2543.73 9987.48 60.035 29.616 12.453 6.28529 15.2602 11.1097 9.9999e+006
0.000108838 0.0131346 4964.11 4690.83 70.8245 7.92403 0.00655309 4993.61 2542.84 9986.57 60.0427 29.6227 12.4559 6.28663 15.2633 11.112 9.99992e+006
0.000107765 0.0131345 4964.09 4690.77 70.8251 7.92487 0.00655345 4993.69 2542.92 9986.61 60.0423 29.6225 12.4558 6.28657 15.2642 11.1121 9.99992e+006
0.000107971 0.0131363 4964.15 4690.85 70.825 7.92499 0.00655379 4992.99 2542.14 9986.46 60.0435 29.6227 12.4549 6.28516 15.2654 11.1084 9.99992e+006
0.000108967 0.0131359 4964.11 4690.8 70.8251 7.92449 0.00655325 4993.04 2542.14 9986.53 60.043 29.6226 12.4552 6.28549 15.2652 11.1106 9.99992e+006
0.000109332 0.0131366 4964.09 4690.71 70.8246 7.92173 0.00655313 4992.92 2541.94 9986.58 60.0425 29.6224 12.4544 6.28527 15.2655 11.1102 9.99992e+006
0.000109947 0.0131345 4964.07 4690.65 70.8284 7.92847 0.00655464 4991.97 2544.26 9986.58 60.0426 29.6225 12.4543 6.28575 15.2629 11.111 9.99992e+006
0.000108724 0.0130981 4964.18 4691.35 70.8317 7.9394 0.00655657 4992.01 2543.53 9986.22 60.0456 29.6253 12.4569 6.2868 15.2623 11.1095 9.99992e+006
0.000106322 0.0130943 4964.19 4691.2 70.8322 7.94398 0.00655644 4992.02 2544.68 9986.23 60.0456 29.6254 12.4563 6.28684 15.2634 11.1131 9.99992e+006
0.000104914 0.0130952 4964.17 4691.17 70.8318 7.94747 0.0065575 4992.01 2544.08 9986.25 60.0456 29.6255 12.4557 6.28678 15.2654 11.1161 9.99992e+006
0.000104444 0.0130817 4964.24 4691.77 70.8331 7.9503 0.00655887 4991.87 2542.08 9985.94 60.048 29.6275 12.4572 6.28859 15.2623 11.1192 9.99993e+006
0.000105637 0.0130873 4963.88 4690.74 70.8287 7.94526 0.00655705 4991.95 2542.42 9986.61 60.0418 29.6246 12.4557 6.28583 15.2649 11.1223 9.99993e+006
0.000108442 0.0130874 4963.79 4690.56 70.8317 7.94923 0.00656393 4992.02 2540.02 9986.78 60.0403 29.6239 12.4564 6.28597 15.2683 11.1188 9.99992e+006
0.000108959 0.0131102 4963.73 4690.01 70.8302 7.94801 0.00656178 4991.72 2541.67 9987.05 60.0388 29.6222 12.4553 6.28396 15.2678 11.1223 9.99992e+006
0.000108113 0.0131104 4964.16 4690.88 70.8228 7.94056 0.00654571 4991.98 2542.51 9986.23 60.0456 29.6254 12.4551 6.28156 15.2624 11.1303 9.99992e+006
0.000110576 0.0130449 4964.42 4692.33 70.8367 7.96536 0.00655328 4992.69 2541.38 9985.48 60.0522 29.6312 12.4592 6.28377 15.2618 11.1348 9.99993e+006
0.000110489 0.0130501 4964.29 4691.81 70.8491 7.96752 0.00655301 4992.95 2542.21 9985.85 60.0489 29.6297 12.4571 6.28014 15.2567 11.1303 9.99993e+006
0.000108853 0.0130611 4964.28 4691.89 70.8468 7.95632 0.0065552 4992.95 2542.07 9985.88 60.0486 29.6299 12.4463 6.27025 15.248 11.1486 9.99993e+006
0.000107531 0.0130522 4964.1 4691.62 70.8509 7.9623 0.00712783 4992.66 2530.57 9986.65 60.0458 29.6343 12.4718 6.28451 15.2656 11.2168 9.99994e+006
0.000108151 0.0130361 4963.93 4691.33 70.8513 7.97323 0.00712555 4992.99 2530.4 9986.88 60.0435 29.6341 12.4741 6.28658 15.2668 11.2135 9.99994e+006
0.000113018 0.0130426 4963.91 4691.49 70.8451 7.96207 0.00712847 4993.51 2536.51 9986.86 60.0438 29.6343 12.47 6.28386 15.2565 11.2482 9.99994e+006
0.000109893 0.0130383 4963.74 4691.27 70.8423 7.97266 0.00712736 4993.21 2533.56 9987.17 60.041 29.6339 12.4722 6.28703 15.2587 11.2594 9.99995e+006
0.000111645 0.0130313 4963.79 4691.49 70.8429 7.97085 0.0071265 4993.2 2535.12 9987.05 60.0424 29.6349 12.4723 6.28877 15.2579 11.2697 9.99995e+006
0.0001071 0.0130472 4963.7 4691.55 70.8365 7.95488 0.00708569 4992.63 2535.15 9987.15 60.0411 29.6339 12.4702 6.28664 15.2522 11.2689 9.99994e+006
0.000109926 0.0130223 4963.88 4692.66 70.8365 7.95241 0.00708629 4994.31 2532.82 9986.6 60.0452 29.6382 12.4702 6.28899 15.2476 11.2783 9.99995e+006
0.000105715 0.013018 4963.86 4692.88 70.8378 7.94345 0.00711949 4995.45 2530.63 9986.62 60.0452 29.6391 12.471 6.2892 15.2487 11.2904 9.99996e+006
0.000109928 0.0130208 4963.82 4692.8 70.8285 7.93354 0.00712033 4995.73 2530.54 9986.69 60.0444 29.6385 12.4717 6.29021 15.25 11.2921 9.99996e+006
0.000105405 0.013023 4963.79 4692.77 70.829 7.93508 0.00700836 4995.67 2535.63 9986.62 60.0444 29.6377 12.4673 6.28932 15.2441 11.29 9.99995e+006
0.000108205 0.013025 4963.79 4692.84 70.8387 7.94354 0.00701655 4995.27 2535.21 9986.53 60.0453 29.638 12.4709 6.29258 15.2441 11.2818 9.99995e+006
0.000104011 0.0130243 4963.61 4692.49 70.8419 7.94589 0.00713267 4994.94 2532.29 9986.93 60.0426 29.6383 12.4757 6.29516 15.2467 11.3025 9.99996e+006
0.000106114 0.0130278 4963.21 4691.72 70.8433 7.94671 0.00713213 4995.18 2532.11 9987.6 60.037 29.6365 12.4775 6.29997 15.2497 11.3128 9.99995e+006
0.000106552 0.0130315 4963.18 4691.58 70.8477 7.95361 0.0071301 4994.82 2531.28 9987.63 60.0373 29.6367 12.4807 6.30193 15.2522 11.3176 9.99995e+006
0.000106306 0.0130255 4963.19 4691.69 70.8493 7.956 0.00713167 4995.25 2532.63 9987.58 60.0379 29.6373 12.4835 6.31658 15.258 11.3312 9.99996e+006
0.000106 0.0130261 4963.26 4691.85 70.8468 7.95089 0.00713494 4995.5 2532.72 9987.34 60.0397 29.6376 12.4819 6.31317 15.258 11.3311 9.99996e+006
0.000104234 0.0130356 4963.24 4691.66 70.8353 7.93455 0.00712455 4996.71 2536.28 9987.42 60.0386 29.6368 12.4812 6.31351 15.2519 11.3343 9.99996e+006
0.000106005 0.0130315 4963.21 4692.78 70.8321 7.92224 0.00712589 4992.23 2529.61 9987.2 60.0403 29.6395 12.4849 6.31988 15.2461 11.3564 9.99996e+006
0.000106869 0.0130475 4963 4692.2 70.7761 7.85104 0.00709051 4992.77 2534.39 9987.5 60.0359 29.6351 12.4815 6.31599 15.2485 11.3566 9.99996e+006
0.000108565 0.0130472 4961.48 4689.58 70.7774 7.8421 0.00710189 4992.74 2530.37 9989.93 60.0137 29.6283 12.4836 6.31743 15.2463 11.3692 9.99995e+006
0.00010715 0.013052 4961.07 4688.46 70.7778 7.84325 0.00712321 4992.93 2531.49 9990.74 60.0068 29.6256 12.4813 6.31516 15.2475 11.3783 9.99995e+006
0.000105574 0.0130462 4961.05 4688.35 70.7707 7.83736 0.00712212 4993.54 2533.16 9990.76 60.0061 29.625 12.4807 6.31354 15.2477 11.3699 9.99995e+006
0.000105405 0.0130148 4961.16 4689.38 70.7749 7.84255 0.00712386 4993.79 2528.67 9990.3 60.0098 29.6285 12.4836 6.31573 15.2476 11.3708 9.99996e+006
0.000109407 0.0130131 4961.75 4690.77 70.7787 7.85267 0.00712015 4989.46 2525.44 9989.27 60.0192 29.6322 12.4835 6.3161 15.2482 11.3687 9.99996e+006
0.000104714 0.0130137 4961.86 4691.03 70.7784 7.84991 0.00711633 4989.26 2524.59 9989.05 60.021 29.6325 12.4841 6.3174 15.2508 11.3594 9.99996e+006
0.00010697 0.0130128 4961.97 4691.28 70.7797 7.85273 0.00711547 4989.18 2524.45 9988.84 60.0228 29.6333 12.4853 6.31797 15.2508 11.3543 9.99996e+006
0.000106208 0.013009 4961.99 4691.44 70.7943 7.87151 0.00712833 4988.54 2521.99 9988.7 60.0243 29.6346 12.4863 6.31829 15.2514 11.3517 9.99996e+006
0.00010898 0.0130001 4962.02 4691.78 70.755 7.82425 0.00712335 4988.07 2523.72 9988.52 60.0246 29.6339 12.4866 6.31785 15.2536 11.3552 9.99997e+006
0.000108796 0.0129983 4962.05 4691.93 70.7583 7.82519 0.0071102 4987.79 2523.18 9988.44 60.0252 29.634 12.4882 6.31797 15.2545 11.3466 9.99997e+006
0.000104869 0.0129969 4962.38 4692.63 70.7667 7.83005 0.00711245 4987.58 2523.18 9987.93 60.0301 29.636 12.4883 6.31648 15.2524 11.3425 9.99997e+006
0.000112709 0.0129972 4962.61 4693.08 70.7798 7.83924 0.00710802 4989.1 2523.63 9987.59 60.0335 29.6375 12.4881 6.31632 15.2497 11.3458 9.99997e+006
0.000110861 0.012997 4962.86 4694.18 70.7791 7.84308 0.00709471 4990.12 2518.9 9986.86 60.0393 29.64 12.4877 6.31658 15.2476 11.3374 9.99997e+006
0.000108882 0.0130351 4962.64 4692.87 70.7766 7.83881 0.00709349 4990.22 2522.52 9987.55 60.0337 29.6357 12.4897 6.31855 15.2491 11.3295 9.99996e+006
0.000106028 0.0130292 4961.72 4690.98 70.7784 7.84036 0.00710075 4990.75 2524.02 9989.12 60.0198 29.631 12.4916 6.31971 15.2492 11.3383 9.99996e+006
0.000109835 0.013036 4961.53 4690.45 70.7767 7.83708 0.00710316 4991.23 2524.06 9989.44 60.0167 29.6284 12.4886 6.3158 15.2517 11.3288 9.99995e+006
0.000105619 0.0130304 4961.55 4690.59 70.7746 7.83447 0.00711524 4991.44 2522.63 9989.41 60.017 29.6288 12.4891 6.31541 15.2533 11.3277 9.99995e+006
0.000109895 0.0130293 4961.65 4690.88 70.772 7.82774 0.00711531 4988.58 2523.41 9989.22 60.0187 29.629 12.4952 6.32074 15.2569 11.3238 9.99995e+006
0.000110183 0.0130324 4961.59 4690.3 70.7741 7.83821 0.00712825 4988.38 2524.07 9989.48 60.017 29.6273 12.4956 6.32024 15.2638 11.3209 9.99995e+006
0.000105731 0.0130349 4961.41 4689.77 70.7769 7.84053 0.00708057 4987.76 2543.52 9989.74 60.015 29.6255 12.4968 6.32754 15.2454 11.326 9.99994e+006
0.000106478 0.013046 4961.37 4689.63 70.7761 7.84041 0.0070866 4988.33 2544.39 9989.68 60.0153 29.6251 12.4849 6.31753 15.2399 11.3389 9.99994e+006
0.000102913 0.0130652 4961.25 4689.12 70.7765 7.83662 0.00709619 4988.48 2546.25 9989.96 60.013 29.6237 12.484 6.31538 15.2361 11.344 9.99994e+006
0.000104999 0.012986 4961.47 4690.24 70.7872 7.8681 0.00710291 4988.5 2545.62 9989.29 60.0188 29.6289 12.486 6.31463 15.2432 11.3445 9.99995e+006
*end

Completed
